No.     Time           Source                Destination           Protocol Length Info
     21 20.072397000   192.168.0.84          109.68.190.126        HTTP     998    POST /TradeList.aspx HTTP/1.1  (application/x-www-form-urlencoded)

Frame 21: 998 bytes on wire (7984 bits), 998 bytes captured (7984 bits) on interface 0
Ethernet II, Src: Azurewav_54:12:ba (00:15:af:54:12:ba), Dst: D-LinkIn_08:27:c2 (84:c9:b2:08:27:c2)
Internet Protocol Version 4, Src: 192.168.0.84 (192.168.0.84), Dst: 109.68.190.126 (109.68.190.126)
Transmission Control Protocol, Src Port: 49807 (49807), Dst Port: http (80), Seq: 13456, Ack: 1, Len: 932
[12 Reassembled TCP Segments (14387 bytes): #9(1118), #10(25), #11(1368), #12(1368), #13(1368), #14(1368), #15(1368), #16(1368), #17(1368), #18(1368), #20(1368), #21(932)]
Hypertext Transfer Protocol
Line-based text data: application/x-www-form-urlencoded

Frame (998 bytes):
0000  84 c9 b2 08 27 c2 00 15 af 54 12 ba 08 00 45 00   ....'....T....E.
0010  03 d8 87 90 40 00 40 06 c2 d0 c0 a8 00 54 6d 44   ....@.@......TmD
0020  be 7e c2 8f 00 50 0f 10 e7 81 3a 6b 97 9a 80 18   .~...P....:k....
0030  02 fb 95 2a 00 00 01 01 08 0a 05 05 4b 74 12 05   ...*........Kt..
0040  ea 34 64 79 25 32 34 75 63 54 72 61 64 65 54 79   .4dy%24ucTradeTy
0050  70 65 25 32 34 64 64 6c 42 6f 75 6e 64 4c 69 73   pe%24ddlBoundLis
0060  74 3d 26 63 74 6c 30 30 25 32 34 63 70 68 42 6f   t=&ctl00%24cphBo
0070  64 79 25 32 34 6d 64 73 44 65 62 74 6f 72 25 32   dy%24mdsDebtor%2
0080  34 74 62 53 65 6c 65 63 74 65 64 54 65 78 74 3d   4tbSelectedText=
0090  26 63 74 6c 30 30 25 32 34 63 70 68 42 6f 64 79   &ctl00%24cphBody
00a0  25 32 34 6d 64 73 44 65 62 74 6f 72 25 32 34 68   %24mdsDebtor%24h
00b0  66 53 65 6c 65 63 74 65 64 56 61 6c 75 65 3d 26   fSelectedValue=&
00c0  63 74 6c 30 30 25 32 34 63 70 68 42 6f 64 79 25   ctl00%24cphBody%
00d0  32 34 6d 64 73 44 65 62 74 6f 72 25 32 34 68 66   24mdsDebtor%24hf
00e0  53 65 6c 65 63 74 65 64 54 79 70 65 3d 26 63 74   SelectedType=&ct
00f0  6c 30 30 25 32 34 63 70 68 42 6f 64 79 25 32 34   l00%24cphBody%24
0100  75 63 54 72 61 64 65 53 74 61 74 75 73 25 32 34   ucTradeStatus%24
0110  64 64 6c 42 6f 75 6e 64 4c 69 73 74 3d 26 63 74   ddlBoundList=&ct
0120  6c 30 30 25 32 34 63 70 68 42 6f 64 79 25 32 34   l00%24cphBody%24
0130  6d 64 73 41 72 6d 54 4f 25 32 34 74 62 53 65 6c   mdsArmTO%24tbSel
0140  65 63 74 65 64 54 65 78 74 3d 26 63 74 6c 30 30   ectedText=&ctl00
0150  25 32 34 63 70 68 42 6f 64 79 25 32 34 6d 64 73   %24cphBody%24mds
0160  41 72 6d 54 4f 25 32 34 68 66 53 65 6c 65 63 74   ArmTO%24hfSelect
0170  65 64 56 61 6c 75 65 3d 26 63 74 6c 30 30 25 32   edValue=&ctl00%2
0180  34 63 70 68 42 6f 64 79 25 32 34 6d 64 73 41 72   4cphBody%24mdsAr
0190  6d 54 4f 25 32 34 68 66 53 65 6c 65 63 74 65 64   mTO%24hfSelected
01a0  54 79 70 65 3d 26 63 74 6c 30 30 25 32 34 63 70   Type=&ctl00%24cp
01b0  68 42 6f 64 79 25 32 34 75 63 50 72 6f 70 65 72   hBody%24ucProper
01c0  74 79 43 61 74 65 67 6f 72 69 65 73 53 65 6c 65   tyCategoriesSele
01d0  63 74 25 32 34 74 62 53 65 6c 65 63 74 65 64 54   ct%24tbSelectedT
01e0  65 78 74 3d 26 63 74 6c 30 30 25 32 34 63 70 68   ext=&ctl00%24cph
01f0  42 6f 64 79 25 32 34 75 63 50 72 6f 70 65 72 74   Body%24ucPropert
0200  79 43 61 74 65 67 6f 72 69 65 73 53 65 6c 65 63   yCategoriesSelec
0210  74 25 32 34 68 66 53 65 6c 65 63 74 65 64 56 61   t%24hfSelectedVa
0220  6c 75 65 3d 26 63 74 6c 30 30 25 32 34 63 70 68   lue=&ctl00%24cph
0230  42 6f 64 79 25 32 34 75 63 50 72 6f 70 65 72 74   Body%24ucPropert
0240  79 43 61 74 65 67 6f 72 69 65 73 53 65 6c 65 63   yCategoriesSelec
0250  74 25 32 34 68 66 53 65 6c 65 63 74 65 64 54 79   t%24hfSelectedTy
0260  70 65 3d 26 63 74 6c 30 30 25 32 34 63 70 68 42   pe=&ctl00%24cphB
0270  6f 64 79 25 32 34 74 62 54 72 61 64 65 4f 62 6a   ody%24tbTradeObj
0280  65 63 74 3d 26 63 74 6c 30 30 25 32 34 63 70 68   ect=&ctl00%24cph
0290  42 6f 64 79 25 32 34 74 78 74 54 72 61 64 65 43   Body%24txtTradeC
02a0  6f 64 65 3d 26 63 74 6c 30 30 25 32 34 63 70 68   ode=&ctl00%24cph
02b0  42 6f 64 79 25 32 34 63 6c 64 72 42 65 67 69 6e   Body%24cldrBegin
02c0  44 61 74 65 25 32 34 74 62 53 65 6c 65 63 74 65   Date%24tbSelecte
02d0  64 44 61 74 65 3d 32 32 2e 30 35 2e 32 30 31 34   dDate=22.05.2014
02e0  26 63 74 6c 30 30 25 32 34 63 70 68 42 6f 64 79   &ctl00%24cphBody
02f0  25 32 34 63 6c 64 72 42 65 67 69 6e 44 61 74 65   %24cldrBeginDate
0300  25 32 34 74 62 53 65 6c 65 63 74 65 64 44 61 74   %24tbSelectedDat
0310  65 56 61 6c 75 65 3d 32 32 2e 30 35 2e 32 30 31   eValue=22.05.201
0320  34 26 63 74 6c 30 30 25 32 34 63 70 68 42 6f 64   4&ctl00%24cphBod
0330  79 25 32 34 63 6c 64 72 45 6e 64 44 61 74 65 25   y%24cldrEndDate%
0340  32 34 74 62 53 65 6c 65 63 74 65 64 44 61 74 65   24tbSelectedDate
0350  3d 32 32 2e 30 35 2e 32 30 31 34 26 63 74 6c 30   =22.05.2014&ctl0
0360  30 25 32 34 63 70 68 42 6f 64 79 25 32 34 63 6c   0%24cphBody%24cl
0370  64 72 45 6e 64 44 61 74 65 25 32 34 74 62 53 65   drEndDate%24tbSe
0380  6c 65 63 74 65 64 44 61 74 65 56 61 6c 75 65 3d   lectedDateValue=
0390  32 32 2e 30 35 2e 32 30 31 34 26 63 74 6c 30 30   22.05.2014&ctl00
03a0  25 32 34 63 70 68 42 6f 64 79 25 32 34 62 74 6e   %24cphBody%24btn
03b0  54 72 61 64 65 53 65 61 72 63 68 2e 78 3d 32 38   TradeSearch.x=28
03c0  26 63 74 6c 30 30 25 32 34 63 70 68 42 6f 64 79   &ctl00%24cphBody
03d0  25 32 34 62 74 6e 54 72 61 64 65 53 65 61 72 63   %24btnTradeSearc
03e0  68 2e 79 3d 31 30                                 h.y=10
Reassembled TCP (14387 bytes):
0000  50 4f 53 54 20 2f 54 72 61 64 65 4c 69 73 74 2e   POST /TradeList.
0010  61 73 70 78 20 48 54 54 50 2f 31 2e 31 0d 0a 48   aspx HTTP/1.1..H
0020  6f 73 74 3a 20 62 61 6e 6b 72 6f 74 2e 66 65 64   ost: bankrot.fed
0030  72 65 73 75 72 73 2e 72 75 0d 0a 43 6f 6e 6e 65   resurs.ru..Conne
0040  63 74 69 6f 6e 3a 20 6b 65 65 70 2d 61 6c 69 76   ction: keep-aliv
0050  65 0d 0a 55 73 65 72 2d 41 67 65 6e 74 3a 20 4d   e..User-Agent: M
0060  6f 7a 69 6c 6c 61 2f 35 2e 30 20 28 58 31 31 3b   ozilla/5.0 (X11;
0070  20 4c 69 6e 75 78 20 78 38 36 5f 36 34 29 20 41    Linux x86_64) A
0080  70 70 6c 65 57 65 62 4b 69 74 2f 35 33 37 2e 32   ppleWebKit/537.2
0090  31 20 28 4b 48 54 4d 4c 2c 20 6c 69 6b 65 20 47   1 (KHTML, like G
00a0  65 63 6b 6f 29 20 72 65 6b 6f 6e 71 2f 32 2e 34   ecko) rekonq/2.4
00b0  2e 32 20 53 61 66 61 72 69 2f 35 33 37 2e 32 31   .2 Safari/537.21
00c0  0d 0a 52 65 66 65 72 65 72 3a 20 68 74 74 70 3a   ..Referer: http:
00d0  2f 2f 62 61 6e 6b 72 6f 74 2e 66 65 64 72 65 73   //bankrot.fedres
00e0  75 72 73 2e 72 75 2f 54 72 61 64 65 4c 69 73 74   urs.ru/TradeList
00f0  2e 61 73 70 78 0d 0a 50 72 61 67 6d 61 3a 20 6e   .aspx..Pragma: n
0100  6f 2d 63 61 63 68 65 0d 0a 43 61 63 68 65 2d 63   o-cache..Cache-c
0110  6f 6e 74 72 6f 6c 3a 20 6e 6f 2d 63 61 63 68 65   ontrol: no-cache
0120  0d 0a 41 63 63 65 70 74 3a 20 74 65 78 74 2f 68   ..Accept: text/h
0130  74 6d 6c 2c 61 70 70 6c 69 63 61 74 69 6f 6e 2f   tml,application/
0140  78 68 74 6d 6c 2b 78 6d 6c 2c 61 70 70 6c 69 63   xhtml+xml,applic
0150  61 74 69 6f 6e 2f 78 6d 6c 3b 71 3d 30 2e 39 2c   ation/xml;q=0.9,
0160  2a 2f 2a 3b 71 3d 30 2e 38 0d 0a 41 63 63 65 70   */*;q=0.8..Accep
0170  74 2d 45 6e 63 6f 64 69 6e 67 3a 20 67 7a 69 70   t-Encoding: gzip
0180  2c 20 64 65 66 6c 61 74 65 2c 20 78 2d 67 7a 69   , deflate, x-gzi
0190  70 2c 20 78 2d 64 65 66 6c 61 74 65 0d 0a 41 63   p, x-deflate..Ac
01a0  63 65 70 74 2d 43 68 61 72 73 65 74 3a 20 75 74   cept-Charset: ut
01b0  66 2d 38 2c 2a 3b 71 3d 30 2e 35 0d 0a 41 63 63   f-8,*;q=0.5..Acc
01c0  65 70 74 2d 4c 61 6e 67 75 61 67 65 3a 20 65 6e   ept-Language: en
01d0  2d 55 53 2c 20 65 6e 2d 55 53 3b 20 71 3d 30 2e   -US, en-US; q=0.
01e0  38 2c 20 65 6e 3b 20 71 3d 30 2e 36 0d 0a 43 6f   8, en; q=0.6..Co
01f0  6f 6b 69 65 3a 20 5f 5f 75 74 6d 61 3d 32 32 38   okie: __utma=228
0200  31 35 32 38 34 36 2e 38 32 39 32 37 31 30 33 32   152846.829271032
0210  2e 31 34 30 30 37 35 35 33 33 38 2e 31 34 30 30   .1400755338.1400
0220  37 35 35 33 33 38 2e 31 34 30 30 37 35 35 33 33   755338.140075533
0230  38 2e 31 3b 20 5f 5f 75 74 6d 62 3d 32 32 38 31   8.1; __utmb=2281
0240  35 32 38 34 36 2e 31 2e 31 30 2e 31 34 30 30 37   52846.1.10.14007
0250  35 35 33 33 38 3b 20 5f 5f 75 74 6d 63 3d 32 32   55338; __utmc=22
0260  38 31 35 32 38 34 36 3b 20 5f 5f 75 74 6d 7a 3d   8152846; __utmz=
0270  32 32 38 31 35 32 38 34 36 2e 31 34 30 30 37 35   228152846.140075
0280  35 33 33 38 2e 31 2e 31 2e 75 74 6d 63 73 72 3d   5338.1.1.utmcsr=
0290  28 64 69 72 65 63 74 29 7c 75 74 6d 63 63 6e 3d   (direct)|utmccn=
02a0  28 64 69 72 65 63 74 29 7c 75 74 6d 63 6d 64 3d   (direct)|utmcmd=
02b0  28 6e 6f 6e 65 29 3b 20 41 53 50 2e 4e 45 54 5f   (none); ASP.NET_
02c0  53 65 73 73 69 6f 6e 49 64 3d 67 35 77 31 6a 77   SessionId=g5w1jw
02d0  35 69 33 67 73 6d 62 79 72 78 75 73 7a 67 6b 6d   5i3gsmbyrxuszgkm
02e0  74 6e 3b 20 54 72 61 64 65 3d 52 65 67 69 6f 6e   tn; Trade=Region
02f0  3d 34 35 26 53 74 61 74 75 73 3d 26 54 79 70 65   =45&Status=&Type
0300  3d 33 26 54 72 61 64 65 4f 62 6a 65 63 74 3d 26   =3&TradeObject=&
0310  54 72 61 64 65 43 6f 64 65 3d 26 54 72 61 64 65   TradeCode=&Trade
0320  50 6c 61 63 65 49 64 3d 26 54 72 61 64 65 50 6c   PlaceId=&TradePl
0330  61 63 65 4e 61 6d 65 3d 26 44 65 62 74 6f 72 54   aceName=&DebtorT
0340  65 78 74 3d 26 44 65 62 74 6f 72 49 64 3d 26 44   ext=&DebtorId=&D
0350  65 62 74 6f 72 54 79 70 65 3d 26 50 72 6f 70 65   ebtorType=&Prope
0360  72 74 79 43 61 74 65 67 6f 72 69 65 73 54 65 78   rtyCategoriesTex
0370  74 3d 26 50 72 6f 70 65 72 74 79 43 61 74 65 67   t=&PropertyCateg
0380  6f 72 69 65 73 56 61 6c 75 65 3d 26 50 72 6f 70   oriesValue=&Prop
0390  65 72 74 79 43 61 74 65 67 6f 72 69 65 73 54 79   ertyCategoriesTy
03a0  70 65 3d 26 41 72 6d 54 4f 54 65 78 74 3d 26 41   pe=&ArmTOText=&A
03b0  72 6d 54 4f 54 79 70 65 3d 26 41 72 6d 54 4f 49   rmTOType=&ArmTOI
03c0  64 3d 26 50 61 67 65 4e 75 6d 62 65 72 3d 30 26   d=&PageNumber=0&
03d0  44 61 74 65 45 6e 64 56 61 6c 75 65 3d 26 44 61   DateEndValue=&Da
03e0  74 65 42 65 67 69 6e 56 61 6c 75 65 3d 26 53 65   teBeginValue=&Se
03f0  61 72 63 68 46 6f 72 44 6f 63 75 6d 65 6e 74 73   archForDocuments
0400  3d 46 61 6c 73 65 0d 0a 4f 72 69 67 69 6e 3a 20   =False..Origin: 
0410  68 74 74 70 3a 2f 2f 62 61 6e 6b 72 6f 74 2e 66   http://bankrot.f
0420  65 64 72 65 73 75 72 73 2e 72 75 0d 0a 43 6f 6e   edresurs.ru..Con
0430  74 65 6e 74 2d 54 79 70 65 3a 20 61 70 70 6c 69   tent-Type: appli
0440  63 61 74 69 6f 6e 2f 78 2d 77 77 77 2d 66 6f 72   cation/x-www-for
0450  6d 2d 75 72 6c 65 6e 63 6f 64 65 64 0d 0a 43 6f   m-urlencoded..Co
0460  6e 74 65 6e 74 2d 4c 65 6e 67 74 68 3a 20 31 33   ntent-Length: 13
0470  32 34 34 0d 0a 0d 0a 5f 5f 56 49 45 57 53 54 41   244....__VIEWSTA
0480  54 45 3d 25 32 46 77 45 50 44 77 55 4b 4d 54 41   TE=%2FwEPDwUKMTA
0490  31 4e 7a 51 33 4e 44 45 32 4d 41 39 6b 46 67 4a   1NzQ3NDE2MA9kFgJ
04a0  6d 44 32 51 57 41 67 49 42 44 32 51 57 44 41 49   mD2QWAgIBD2QWDAI
04b0  44 44 32 51 57 41 67 49 47 44 77 38 57 41 68 34   DD2QWAgIGDw8WAh4
04c0  58 52 57 35 68 59 6d 78 6c 51 57 70 68 65 46 4e   XRW5hYmxlQWpheFN
04d0  72 61 57 35 53 5a 57 35 6b 5a 58 4a 70 62 6d 64   raW5SZW5kZXJpbmd
04e0  6f 5a 47 51 43 42 77 38 50 46 67 49 65 43 30 35   oZGQCBw8PFgIeC05
04f0  68 64 6d 6c 6e 59 58 52 6c 56 58 4a 73 42 52 5a   hdmlnYXRlVXJsBRZ
0500  25 32 42 4c 31 4e 31 59 6e 4e 6a 63 6d 6c 69 5a   %2BL1N1YnNjcmliZ
0510  58 4a 4d 62 32 64 70 62 69 35 68 63 33 42 34 5a   XJMb2dpbi5hc3B4Z
0520  47 51 43 43 67 38 50 46 67 49 66 41 51 55 6b 61   GQCCg8PFgIfAQUka
0530  48 52 30 63 44 6f 76 4c 33 64 33 64 79 35 6d 5a   HR0cDovL3d3dy5mZ
0540  57 52 79 5a 58 4e 31 63 6e 4d 75 63 6e 55 76 52   WRyZXN1cnMucnUvR
0550  47 56 6d 59 58 56 73 64 43 35 68 63 33 42 34 5a   GVmYXVsdC5hc3B4Z
0560  47 51 43 46 41 39 6b 46 67 52 6d 44 78 59 43 48   GQCFA9kFgRmDxYCH
0570  67 74 66 49 55 6c 30 5a 57 31 44 62 33 56 75 64   gtfIUl0ZW1Db3Vud
0580  41 49 44 46 67 5a 6d 44 32 51 57 42 47 59 50 46   AIDFgZmD2QWBGYPF
0590  51 45 4b 4d 54 55 75 4d 44 55 75 4d 6a 41 78 4e   QEKMTUuMDUuMjAxN
05a0  47 51 43 41 51 38 56 41 67 4d 32 4d 54 66 32 41   GQCAQ8VAgM2MTf2A
05b0  64 43 65 30 4c 25 32 46 52 67 39 43 78 30 4c 76   dCe0L%2FRg9Cx0Lv
05c0  51 75 4e 43 36 30 4c 37 51 73 74 43 77 30 4c 30   QuNC60L7QstCw0L0
05d0  67 30 4c 25 32 46 52 67 4e 43 25 32 42 30 59 4c   g0L%2FRgNC%2B0YL
05e0  51 76 74 43 36 30 4c 37 51 75 79 44 51 74 39 43   QvtC60L7QuyDQt9C
05f0  77 30 59 48 51 74 64 43 30 30 4c 44 51 76 64 43   w0YHQtdC00LDQvdC
0600  34 30 59 38 67 30 4a 72 51 76 74 43 38 30 4c 6a   40Y8g0JrQvtC80Lj
0610  52 67 64 47 42 30 4c 6a 51 75 43 44 51 76 39 43   RgdGB0LjQuCDQv9C
0620  25 32 42 49 4e 43 25 32 46 30 4c 37 51 74 4e 47   %2BINC%2F0L7QtNG
0630  43 30 4c 4c 51 74 64 47 41 30 4c 62 51 74 4e 43   C0LLQtdGA0LbQtNC
0640  31 30 4c 33 51 75 4e 47 4f 49 4e 47 42 30 4c 37   10L3QuNGOINGB0L7
0650  51 76 74 47 43 30 4c 4c 51 74 64 47 43 30 59 48   QvtGC0LLQtdGC0YH
0660  52 67 74 43 79 30 4c 6a 52 6a 79 44 52 6a 64 43   RgtCy0LjRjyDRjdC
0670  37 30 4c 58 51 75 74 47 43 30 59 44 51 76 74 43   70LXQutGC0YDQvtC
0680  39 30 4c 33 52 69 39 47 46 49 4e 43 25 32 46 30   90L3Ri9GFINC%2F0
0690  4c 76 51 76 74 47 4a 30 4c 44 51 74 4e 43 25 32   LvQvtGJ0LDQtNC%2
06a0  42 30 4c 6f 67 30 59 50 52 67 64 47 43 30 4c 44   B0Log0YPRgdGC0LD
06b0  51 76 64 43 25 32 42 30 4c 4c 51 75 39 43 31 30   QvdC%2B0LLQu9C10
06c0  4c 33 51 76 64 47 4c 30 4c 77 67 30 4b 4c 52 67   L3QvdGL0Lwg0KLRg
06d0  4e 43 31 30 4c 48 51 76 74 43 79 30 4c 44 51 76   NC10LHQvtCy0LDQv
06e0  64 43 34 30 59 25 32 46 51 76 43 44 51 76 74 47   dC40Y%2FQvCDQvtG
06f0  43 49 44 45 7a 49 4e 43 38 30 4c 44 52 6a 79 41   CIDEzINC80LDRjyA
0700  79 4d 44 45 30 49 4e 43 7a 4c 6d 51 43 41 51 39   yMDE0INCzLmQCAQ9
0710  6b 46 67 52 6d 44 78 55 42 43 6a 45 7a 4c 6a 41   kFgRmDxUBCjEzLjA
0720  31 4c 6a 49 77 4d 54 52 6b 41 67 45 50 46 51 49   1LjIwMTRkAgEPFQI
0730  44 4e 6a 45 32 69 41 48 51 6c 4e 43 77 30 4c 6e   DNjE2iAHQlNCw0Ln
0740  51 74 4e 43 32 30 4c 58 52 67 64 47 43 49 4e 43   QtNC20LXRgdGCINC
0750  39 30 4c 37 51 73 74 43 25 32 42 30 59 48 52 67   90L7QstC%2B0YHRg
0760  74 43 31 30 4c 6b 67 30 4c 25 32 46 52 67 4e 43   tC10Lkg0L%2FRgNC
0770  77 30 4c 4c 51 76 74 43 79 30 4c 37 51 73 39 43   w0LLQvtCy0L7Qs9C
0780  25 32 42 49 4e 47 41 30 4c 58 51 73 39 47 44 30   %2BINGA0LXQs9GD0
0790  4c 76 51 75 4e 47 41 30 4c 37 51 73 74 43 77 30   LvQuNGA0L7QstCw0
07a0  4c 33 51 75 4e 47 50 49 4e 43 78 30 4c 44 51 76   L3QuNGPINCx0LDQv
07b0  64 43 36 30 59 44 51 76 74 47 43 30 59 48 52 67   dC60YDQvtGC0YHRg
07c0  74 43 79 30 4c 41 73 49 4e 43 38 30 4c 44 52 67   tCy0LAsINC80LDRg
07d0  4e 47 43 49 43 30 67 30 4c 44 51 76 39 47 41 30   NGCIC0g0LDQv9GA0
07e0  4c 58 51 75 39 47 4d 49 44 49 77 4d 54 51 67 30   LXQu9GMIDIwMTQg0
07f0  4c 4d 75 5a 41 49 43 44 32 51 57 42 47 59 50 46   LMuZAICD2QWBGYPF
0800  51 45 4b 4d 44 67 75 4d 44 55 75 4d 6a 41 78 4e   QEKMDguMDUuMjAxN
0810  47 51 43 41 51 38 56 41 67 4d 32 4d 54 57 31 41   GQCAQ8VAgM2MTW1A
0820  64 43 65 49 4e 43 33 30 4c 44 52 67 64 43 31 30   dCeINC30LDRgdC10
0830  4c 54 51 73 4e 43 39 30 4c 6a 51 75 43 44 51 6d   LTQsNC90LjQuCDQm
0840  74 43 25 32 42 30 4c 7a 51 75 4e 47 42 30 59 48   tC%2B0LzQuNGB0YH
0850  51 75 4e 43 34 49 4e 43 25 32 46 30 4c 34 67 30   QuNC4INC%2F0L4g0
0860  4c 25 32 46 51 76 74 43 30 30 59 4c 51 73 74 43   L%2FQvtC00YLQstC
0870  31 30 59 44 51 74 74 43 30 30 4c 58 51 76 64 43   10YDQttC00LXQvdC
0880  34 30 59 34 67 30 59 48 51 76 74 43 25 32 42 30   40Y4g0YHQvtC%2B0
0890  59 4c 51 73 74 43 31 30 59 4c 52 67 64 47 43 30   YLQstC10YLRgdGC0
08a0  4c 4c 51 75 4e 47 50 49 4e 43 74 30 4b 4c 51 6e   LLQuNGPINCt0KLQn
08b0  79 44 51 75 43 44 51 76 74 43 25 32 46 30 4c 58   yDQuCDQvtC%2F0LX
08c0  52 67 4e 43 77 30 59 4c 51 76 74 47 41 30 4c 41   RgNCw0YLQvtGA0LA
08d0  67 30 4b 33 51 6f 74 43 66 49 4e 47 44 30 59 48   g0K3QotCfINGD0YH
08e0  52 67 74 43 77 30 4c 33 51 76 74 43 79 30 4c 76   RgtCw0L3QvtCy0Lv
08f0  51 74 64 43 39 30 4c 33 52 69 39 43 38 49 4e 43   QtdC90L3Ri9C8INC
0900  69 30 59 44 51 74 64 43 78 30 4c 37 51 73 74 43   i0YDQtdCx0L7QstC
0910  77 30 4c 33 51 75 4e 47 50 30 4c 78 6b 41 67 45   w0L3QuNGP0LxkAgE
0920  50 44 32 51 50 45 42 59 42 5a 68 59 42 46 67 49   PD2QPEBYBZhYBFgI
0930  65 44 6c 42 68 63 6d 46 74 5a 58 52 6c 63 6c 5a   eDlBhcmFtZXRlclZ
0940  68 62 48 56 6c 42 51 45 7a 46 67 46 6d 5a 47 51   hbHVlBQEzFgFmZGQ
0950  43 46 51 39 6b 46 67 49 43 41 51 38 57 41 68 38   CFQ9kFgICAQ8WAh8
0960  43 41 67 63 57 44 6d 59 50 5a 42 59 43 5a 67 38   CAgcWDmYPZBYCZg8
0970  56 41 68 56 6f 64 48 52 77 4f 69 38 76 61 32 46   VAhVodHRwOi8va2F
0980  6b 4c 6d 46 79 59 6d 6c 30 63 69 35 79 64 53 38   kLmFyYml0ci5ydS8
0990  65 30 4a 72 51 73 4e 47 41 30 59 4c 51 76 74 47   e0JrQsNGA0YLQvtG
09a0  43 30 4c 58 51 75 74 43 77 49 4e 43 53 30 4a 44   C0LXQutCwINCS0JD
09b0  51 6f 53 44 51 6f 4e 43 6b 5a 41 49 42 44 32 51   QoSDQoNCkZAIBD2Q
09c0  57 41 6d 59 50 46 51 4a 41 61 48 52 30 63 44 6f   WAmYPFQJAaHR0cDo
09d0  76 4c 33 64 33 64 79 35 6c 59 32 39 75 62 32 31   vL3d3dy5lY29ub21
09e0  35 4c 6d 64 76 64 69 35 79 64 53 39 74 61 57 35   5Lmdvdi5ydS9taW5
09f0  6c 59 79 39 68 59 33 52 70 64 6d 6c 30 65 53 39   lYy9hY3Rpdml0eS9
0a00  7a 5a 57 4e 30 61 57 39 75 63 79 39 44 62 33 4a   zZWN0aW9ucy9Db3J
0a10  77 54 57 46 75 59 57 64 74 5a 57 35 30 4c 79 25   wTWFuYWdtZW50Ly%
0a20  32 46 51 6e 4e 43 34 30 4c 33 52 6a 64 43 36 30   2FQnNC40L3RjdC60
0a30  4c 37 51 76 64 43 25 32 42 30 4c 7a 52 67 4e 43   L7QvdC%2B0LzRgNC
0a40  77 30 4c 66 51 73 74 43 34 30 59 4c 51 75 4e 47   w0LfQstC40YLQuNG
0a50  50 49 4e 43 67 30 4c 37 52 67 64 47 42 30 4c 6a   PINCg0L7RgdGB0Lj
0a60  51 75 47 51 43 41 67 39 6b 46 67 4a 6d 44 78 55   QuGQCAg9kFgJmDxU
0a70  43 46 57 68 30 64 48 41 36 4c 79 39 6c 5a 33 4a   CFWh0dHA6Ly9lZ3J
0a80  31 62 43 35 75 59 57 78 76 5a 79 35 79 64 52 62   1bC5uYWxvZy5ydRb
0a90  51 6c 64 43 54 30 4b 44 51 72 74 43 62 49 4e 43   QldCT0KDQrtCbINC
0aa0  6b 30 4a 33 51 6f 53 44 51 6f 4e 43 6b 5a 41 49   k0J3QoSDQoNCkZAI
0ab0  44 44 32 51 57 41 6d 59 50 46 51 49 74 49 47 68   DD2QWAmYPFQItIGh
0ac0  30 64 48 41 36 4c 79 39 30 5a 58 4e 30 4c 57 4a   0dHA6Ly90ZXN0LWJ
0ad0  68 62 6d 74 79 62 33 51 75 61 57 35 30 5a 58 4a   hbmtyb3QuaW50ZXJ
0ae0  6d 59 58 67 75 63 6e 55 76 5a 47 56 6d 59 58 56   mYXgucnUvZGVmYXV
0af0  73 64 43 35 68 63 33 42 34 4b 4e 43 69 30 4c 58   sdC5hc3B4KNCi0LX
0b00  52 67 64 47 43 30 4c 37 51 73 74 43 77 30 59 38   RgdGC0L7QstCw0Y8
0b10  67 30 4c 4c 51 74 64 47 41 30 59 48 51 75 4e 47   g0LLQtdGA0YHQuNG
0b20  50 49 4e 43 56 30 4b 54 51 6f 4e 43 68 30 4a 46   PINCV0KTQoNCh0JF
0b30  6b 41 67 51 50 5a 42 59 43 5a 67 38 56 41 68 35   kAgQPZBYCZg8VAh5
0b40  6f 64 48 52 77 4f 69 38 76 64 47 56 7a 64 43 31   odHRwOi8vdGVzdC1
0b50  6d 59 57 4e 30 63 79 35 70 62 6e 52 6c 63 6d 5a   mYWN0cy5pbnRlcmZ
0b60  68 65 43 35 79 64 53 38 73 30 4b 4c 51 74 64 47   heC5ydS8s0KLQtdG
0b70  42 30 59 4c 51 76 74 43 79 30 4c 44 52 6a 79 44   B0YLQvtCy0LDRjyD
0b80  51 73 74 43 31 30 59 44 52 67 64 43 34 30 59 38   QstC10YDRgdC40Y8
0b90  67 30 4a 58 51 70 4e 43 67 30 4b 48 51 6c 4e 43   g0JXQpNCg0KHQlNC
0ba0  75 30 4a 74 6b 41 67 55 50 5a 42 59 43 5a 67 38   u0JtkAgUPZBYCZg8
0bb0  56 41 69 55 67 49 47 68 30 64 48 41 36 4c 79 39   VAiUgIGh0dHA6Ly9
0bc0  6d 62 33 4a 31 62 53 31 6d 5a 57 52 79 5a 58 4e   mb3J1bS1mZWRyZXN
0bd0  31 63 6e 4d 75 61 57 35 30 5a 58 4a 6d 59 58 67   1cnMuaW50ZXJmYXg
0be0  75 63 6e 55 76 4d 74 43 6b 30 4c 37 52 67 4e 47   ucnUvMtCk0L7RgNG
0bf0  44 30 4c 77 67 30 4b 54 51 74 64 43 30 30 4c 58   D0Lwg0KTQtdC00LX
0c00  52 67 4e 43 77 30 4c 76 52 6a 4e 43 39 30 59 76   RgNCw0LvRjNC90Yv
0c10  52 68 53 44 52 67 4e 43 31 30 4c 58 52 67 64 47   RhSDRgNC10LXRgdG
0c20  43 30 59 44 51 76 74 43 79 5a 41 49 47 44 32 51   C0YDQvtCyZAIGD2Q
0c30  57 41 6d 59 50 46 51 49 75 61 48 52 30 63 44 6f   WAmYPFQIuaHR0cDo
0c40  76 4c 32 4a 68 62 6d 74 79 62 33 51 75 5a 6d 56   vL2Jhbmtyb3QuZmV
0c50  6b 63 6d 56 7a 64 58 4a 7a 4c 6e 4a 31 4c 30 68   kcmVzdXJzLnJ1L0h
0c60  6c 62 48 41 76 52 6b 46 52 58 30 56 47 55 6c 4e   lbHAvRkFRX0VGUlN
0c70  43 4c 6e 42 6b 5a 6a 54 51 70 39 43 77 30 59 48   CLnBkZjTQp9Cw0YH
0c80  52 67 74 43 25 32 42 49 4e 43 33 30 4c 44 51 74   RgtC%2BINC30LDQt
0c90  4e 43 77 30 4c 4c 51 73 4e 43 31 30 4c 7a 52 69   NCw0LLQsNC10LzRi
0ca0  39 43 31 49 4e 43 79 30 4c 37 51 76 39 47 41 30   9C1INCy0L7Qv9GA0
0cb0  4c 37 52 67 64 47 4c 49 43 68 47 51 56 45 70 5a   L7RgdGLIChGQVEpZ
0cc0  41 49 58 44 32 51 57 42 47 59 50 5a 42 59 43 5a   AIXD2QWBGYPZBYCZ
0cd0  67 39 6b 46 67 49 43 41 51 39 6b 46 68 49 43 41   g9kFgICAQ9kFhICA
0ce0  51 39 6b 46 67 4a 6d 44 78 41 50 46 67 49 65 43   Q9kFgJmDxAPFgIeC
0cf0  31 38 68 52 47 46 30 59 55 4a 76 64 57 35 6b 5a   18hRGF0YUJvdW5kZ
0d00  32 51 51 46 56 63 41 49 39 43 51 30 4c 54 52 69   2QQFVcAI9CQ0LTRi
0d10  39 43 7a 30 4c 58 52 6a 79 41 6f 30 59 44 51 74   9Cz0LXRjyAo0YDQt
0d20  64 47 42 30 4c 25 32 46 52 67 39 43 78 30 4c 76   dGB0L%2FRg9Cx0Lv
0d30  51 75 4e 43 36 30 4c 41 70 49 64 43 51 30 4c 76   QuNC60LApIdCQ0Lv
0d40  52 67 74 43 77 30 4c 6b 67 4b 4e 47 41 30 4c 58   RgtCw0LkgKNGA0LX
0d50  52 67 64 43 25 32 46 30 59 50 51 73 64 43 37 30   RgdC%2F0YPQsdC70
0d60  4c 6a 51 75 74 43 77 4b 52 76 51 6b 4e 43 37 30   LjQutCwKRvQkNC70
0d70  59 4c 51 73 4e 43 35 30 59 48 51 75 74 43 34 30   YLQsNC50YHQutC40
0d80  4c 6b 67 30 4c 72 52 67 4e 43 77 30 4c 6b 66 30   Lkg0LrRgNCw0Lkf0
0d90  4a 44 51 76 4e 47 44 30 59 44 52 67 64 43 36 30   JDQvNGD0YDRgdC60
0da0  4c 44 52 6a 79 44 51 76 74 43 78 30 4c 76 51 73   LDRjyDQvtCx0LvQs
0db0  4e 47 42 30 59 4c 52 6a 43 6e 51 6b 4e 47 41 30   NGB0YLRjCnQkNGA0
0dc0  59 58 51 73 4e 43 39 30 4c 50 51 74 64 43 37 30   YXQsNC90LPQtdC70
0dd0  59 7a 52 67 64 43 36 30 4c 44 52 6a 79 44 51 76   YzRgdC60LDRjyDQv
0de0  74 43 78 30 4c 76 51 73 4e 47 42 30 59 4c 52 6a   tCx0LvQsNGB0YLRj
0df0  43 66 51 6b 4e 47 42 30 59 4c 52 67 4e 43 77 30   CfQkNGB0YLRgNCw0
0e00  59 58 51 73 4e 43 39 30 59 48 51 75 74 43 77 30   YXQsNC90YHQutCw0
0e10  59 38 67 30 4c 37 51 73 64 43 37 30 4c 44 52 67   Y8g0L7QsdC70LDRg
0e20  64 47 43 30 59 77 76 30 4a 48 51 73 4e 47 49 30   dGC0Ywv0JHQsNGI0
0e30  4c 72 51 76 74 47 41 30 59 4c 51 76 74 47 42 30   LrQvtGA0YLQvtGB0
0e40  59 4c 51 73 4e 43 39 49 43 6a 52 67 4e 43 31 30   YLQsNC9ICjRgNC10
0e50  59 48 51 76 39 47 44 30 4c 48 51 75 39 43 34 30   YHQv9GD0LHQu9C40
0e60  4c 72 51 73 43 6b 6e 30 4a 48 51 74 64 43 37 30   LrQsCkn0JHQtdC70
0e70  4c 50 51 76 74 47 41 30 4c 37 51 74 4e 47 42 30   LPQvtGA0L7QtNGB0
0e80  4c 72 51 73 4e 47 50 49 4e 43 25 32 42 30 4c 48   LrQsNGPINC%2B0LH
0e90  51 75 39 43 77 30 59 48 52 67 74 47 4d 48 39 43   Qu9Cw0YHRgtGMH9C
0ea0  52 30 59 44 52 6a 39 43 39 30 59 48 51 75 74 43   R0YDRj9C90YHQutC
0eb0  77 30 59 38 67 30 4c 37 51 73 64 43 37 30 4c 44   w0Y8g0L7QsdC70LD
0ec0  52 67 64 47 43 30 59 77 6d 30 4a 48 52 67 39 47   RgdGC0Ywm0JHRg9G
0ed0  41 30 59 25 32 46 52 67 74 43 34 30 59 38 67 49   A0Y%2FRgtC40Y8gI
0ee0  43 6a 52 67 4e 43 31 30 59 48 51 76 39 47 44 30   CjRgNC10YHQv9GD0
0ef0  4c 48 51 75 39 43 34 30 4c 72 51 73 43 6b 6e 30   LHQu9C40LrQsCkn0
0f00  4a 4c 51 75 39 43 77 30 4c 54 51 75 4e 43 38 30   JLQu9Cw0LTQuNC80
0f10  4c 6a 52 67 4e 47 42 30 4c 72 51 73 4e 47 50 49   LjRgNGB0LrQsNGPI
0f20  4e 43 25 32 42 30 4c 48 51 75 39 43 77 30 59 48   NC%2B0LHQu9Cw0YH
0f30  52 67 74 47 4d 4b 64 43 53 30 4c 37 51 75 39 43   RgtGMKdCS0L7Qu9C
0f40  7a 30 4c 37 51 73 39 47 41 30 4c 44 51 74 4e 47   z0L7Qs9GA0LDQtNG
0f50  42 30 4c 72 51 73 4e 47 50 49 4e 43 25 32 42 30   B0LrQsNGPINC%2B0
0f60  4c 48 51 75 39 43 77 30 59 48 52 67 74 47 4d 4a   LHQu9Cw0YHRgtGMJ
0f70  64 43 53 30 4c 37 51 75 39 43 25 32 42 30 4c 50   dCS0L7Qu9C%2B0LP
0f80  51 76 74 43 30 30 59 48 51 75 74 43 77 30 59 38   QvtC00YHQutCw0Y8
0f90  67 30 4c 37 51 73 64 43 37 30 4c 44 52 67 64 47   g0L7QsdC70LDRgdG
0fa0  43 30 59 77 6c 30 4a 4c 51 76 74 47 41 30 4c 37   C0Ywl0JLQvtGA0L7
0fb0  51 76 64 43 31 30 4c 62 52 67 64 43 36 30 4c 44   QvdC10LbRgdC60LD
0fc0  52 6a 79 44 51 76 74 43 78 30 4c 76 51 73 4e 47   RjyDQvtCx0LvQsNG
0fd0  42 30 59 4c 52 6a 43 6a 51 6c 4e 43 77 30 4c 50   B0YLRjCjQlNCw0LP
0fe0  51 74 64 47 42 30 59 4c 51 73 4e 43 39 49 43 41   QtdGB0YLQsNC9ICA
0ff0  6f 30 59 44 51 74 64 47 42 30 4c 25 32 46 52 67   o0YDQtdGB0L%2FRg
1000  39 43 78 30 4c 76 51 75 4e 43 36 30 4c 41 70 46   9Cx0LvQuNC60LApF
1010  39 43 56 30 4c 4c 52 67 4e 43 31 30 4c 6e 52 67   9CV0LLRgNC10LnRg
1020  64 43 36 30 4c 44 52 6a 79 44 51 6b 4e 43 65 49   dC60LDRjyDQkNCeI
1030  39 43 58 30 4c 44 51 73 64 43 77 30 4c 6e 51 75   9CX0LDQsdCw0LnQu
1040  74 43 77 30 4c 76 52 6a 4e 47 42 30 4c 72 51 75   tCw0LvRjNGB0LrQu
1050  4e 43 35 49 4e 43 36 30 59 44 51 73 4e 43 35 49   NC5INC60YDQsNC5I
1060  39 43 59 30 4c 4c 51 73 4e 43 39 30 4c 37 51 73   9CY0LLQsNC90L7Qs
1070  74 47 42 30 4c 72 51 73 4e 47 50 49 4e 43 25 32   tGB0LrQsNGPINC%2
1080  42 30 4c 48 51 75 39 43 77 30 59 48 52 67 74 47   B0LHQu9Cw0YHRgtG
1090  4d 4b 64 43 59 30 4c 33 51 73 39 47 44 30 59 6a   MKdCY0L3Qs9GD0Yj
10a0  51 74 64 47 43 30 4c 6a 52 6a 79 41 6f 30 59 44   QtdGC0LjRjyAo0YD
10b0  51 74 64 47 42 30 4c 25 32 46 52 67 39 43 78 30   QtdGB0L%2FRg9Cx0
10c0  4c 76 51 75 4e 43 36 30 4c 41 70 49 64 43 59 30   LvQuNC60LApIdCY0
10d0  59 44 51 75 74 47 44 30 59 4c 52 67 64 43 36 30   YDQutGD0YLRgdC60
10e0  4c 44 52 6a 79 44 51 76 74 43 78 30 4c 76 51 73   LDRjyDQvtCx0LvQs
10f0  4e 47 42 30 59 4c 52 6a 44 7a 51 6d 74 43 77 30   NGB0YLRjDzQmtCw0
1100  4c 48 51 73 4e 47 41 30 4c 54 51 75 4e 43 39 30   LHQsNGA0LTQuNC90
1110  4c 34 74 30 4a 48 51 73 4e 43 37 30 4c 72 51 73   L4t0JHQsNC70LrQs
1120  4e 47 41 30 59 48 51 75 74 43 77 30 59 38 67 30   NGA0YHQutCw0Y8g0
1130  59 44 51 74 64 47 42 30 4c 25 32 46 52 67 39 43   YDQtdGB0L%2FRg9C
1140  78 30 4c 76 51 75 4e 43 36 30 4c 41 74 30 4a 72   x0LvQuNC60LAt0Jr
1150  51 73 4e 43 37 30 4c 6a 51 76 64 43 34 30 4c 33   QsNC70LjQvdC40L3
1160  51 73 39 47 41 30 4c 44 51 74 4e 47 42 30 4c 72   Qs9GA0LDQtNGB0Lr
1170  51 73 4e 47 50 49 4e 43 25 32 42 30 4c 48 51 75   QsNGPINC%2B0LHQu
1180  39 43 77 30 59 48 52 67 74 47 4d 4a 39 43 61 30   9Cw0YHRgtGMJ9Ca0
1190  4c 44 51 75 39 43 38 30 59 76 51 75 74 43 34 30   LDQu9C80YvQutC40
11a0  59 38 67 4b 4e 47 41 30 4c 58 52 67 64 43 25 32   Y8gKNGA0LXRgdC%2
11b0  46 30 59 50 51 73 64 43 37 30 4c 6a 51 75 74 43   F0YPQsdC70LjQutC
11c0  77 4b 53 48 51 6d 74 43 77 30 4c 76 52 67 39 43   wKSHQmtCw0LvRg9C
11d0  32 30 59 48 51 75 74 43 77 30 59 38 67 30 4c 37   20YHQutCw0Y8g0L7
11e0  51 73 64 43 37 30 4c 44 52 67 64 47 43 30 59 77   QsdC70LDRgdGC0Yw
11f0  64 30 4a 72 51 73 4e 43 38 30 59 66 51 73 4e 47   d0JrQsNC80YfQsNG
1200  43 30 59 48 51 75 74 43 34 30 4c 6b 67 30 4c 72   C0YHQutC40Lkg0Lr
1210  52 67 4e 43 77 30 4c 6b 38 30 4a 72 51 73 4e 47   RgNCw0Lk80JrQsNG
1220  41 30 4c 44 52 68 39 43 77 30 4c 58 51 73 74 43   A0LDRh9Cw0LXQstC
1230  25 32 42 4c 64 43 6e 30 4c 58 52 67 4e 43 36 30   %2BLdCn0LXRgNC60
1240  4c 58 52 67 64 47 42 30 4c 72 51 73 4e 47 50 49   LXRgdGB0LrQsNGPI
1250  4e 47 41 30 4c 58 52 67 64 43 25 32 46 30 59 50   NGA0LXRgdC%2F0YP
1260  51 73 64 43 37 30 4c 6a 51 75 74 43 77 4a 74 43   QsdC70LjQutCwJtC
1270  61 30 4c 44 52 67 4e 43 31 30 4c 76 51 75 4e 47   a0LDRgNC10LvQuNG
1280  50 49 43 41 6f 30 59 44 51 74 64 47 42 30 4c 25   PICAo0YDQtdGB0L%
1290  32 46 52 67 39 43 78 30 4c 76 51 75 4e 43 36 30   2FRg9Cx0LvQuNC60
12a0  4c 41 70 4a 64 43 61 30 4c 58 51 76 4e 43 31 30   LApJdCa0LXQvNC10
12b0  59 44 51 76 74 43 79 30 59 48 51 75 74 43 77 30   YDQvtCy0YHQutCw0
12c0  59 38 67 30 4c 37 51 73 64 43 37 30 4c 44 52 67   Y8g0L7QsdC70LDRg
12d0  64 47 43 30 59 77 68 30 4a 72 51 75 4e 47 41 30   dGC0Ywh0JrQuNGA0
12e0  4c 37 51 73 74 47 42 30 4c 72 51 73 4e 47 50 49   L7QstGB0LrQsNGPI
12f0  4e 43 25 32 42 30 4c 48 51 75 39 43 77 30 59 48   NC%2B0LHQu9Cw0YH
1300  52 67 74 47 4d 49 4e 43 61 30 4c 37 51 76 4e 43   RgtGMINCa0L7QvNC
1310  34 49 43 41 6f 30 59 44 51 74 64 47 42 30 4c 25   4ICAo0YDQtdGB0L%
1320  32 46 52 67 39 43 78 30 4c 76 51 75 4e 43 36 30   2FRg9Cx0LvQuNC60
1330  4c 41 70 4a 64 43 61 30 4c 37 52 67 64 47 43 30   LApJdCa0L7RgdGC0
1340  59 44 51 76 74 43 38 30 59 48 51 75 74 43 77 30   YDQvtC80YHQutCw0
1350  59 38 67 30 4c 37 51 73 64 43 37 30 4c 44 52 67   Y8g0L7QsdC70LDRg
1360  64 47 43 30 59 77 6a 30 4a 72 52 67 4e 43 77 30   dGC0Ywj0JrRgNCw0
1370  59 48 51 76 64 43 25 32 42 30 4c 54 51 73 4e 47   YHQvdC%2B0LTQsNG
1380  41 30 59 48 51 75 74 43 34 30 4c 6b 67 30 4c 72   A0YHQutC40Lkg0Lr
1390  52 67 4e 43 77 30 4c 6b 68 30 4a 72 52 67 4e 43   RgNCw0Lkh0JrRgNC
13a0  77 30 59 48 51 76 64 43 25 32 42 30 59 25 32 46   w0YHQvdC%2B0Y%2F
13b0  52 67 4e 47 42 30 4c 72 51 75 4e 43 35 49 4e 43   RgNGB0LrQuNC5INC
13c0  36 30 59 44 51 73 4e 43 35 48 39 43 61 30 59 44   60YDQsNC5H9Ca0YD
13d0  52 69 39 43 38 49 43 6a 52 67 4e 43 31 30 59 48   Ri9C8ICjRgNC10YH
13e0  51 76 39 47 44 30 4c 48 51 75 39 43 34 30 4c 72   Qv9GD0LHQu9C40Lr
13f0  51 73 43 6b 6a 30 4a 72 52 67 39 47 41 30 4c 50   QsCkj0JrRg9GA0LP
1400  51 73 4e 43 39 30 59 48 51 75 74 43 77 30 59 38   QsNC90YHQutCw0Y8
1410  67 30 4c 37 51 73 64 43 37 30 4c 44 52 67 64 47   g0L7QsdC70LDRgdG
1420  43 30 59 77 64 30 4a 72 52 67 39 47 41 30 59 48   C0Ywd0JrRg9GA0YH
1430  51 75 74 43 77 30 59 38 67 30 4c 37 51 73 64 43   QutCw0Y8g0L7QsdC
1440  37 30 4c 44 52 67 64 47 43 30 59 77 70 30 4a 76   70LDRgdGC0Ywp0Jv
1450  51 74 64 43 39 30 4c 6a 51 76 64 43 7a 30 59 44   QtdC90LjQvdCz0YD
1460  51 73 4e 43 30 30 59 48 51 75 74 43 77 30 59 38   QsNC00YHQutCw0Y8
1470  67 30 4c 37 51 73 64 43 37 30 4c 44 52 67 64 47   g0L7QsdC70LDRgdG
1480  43 30 59 77 66 30 4a 76 51 75 4e 43 25 32 46 30   C0Ywf0JvQuNC%2F0
1490  4c 58 52 68 74 43 36 30 4c 44 52 6a 79 44 51 76   LXRhtC60LDRjyDQv
14a0  74 43 78 30 4c 76 51 73 4e 47 42 30 59 4c 52 6a   tCx0LvQsNGB0YLRj
14b0  43 58 51 6e 4e 43 77 30 4c 50 51 73 4e 43 30 30   CXQnNCw0LPQsNC00
14c0  4c 44 51 76 64 47 42 30 4c 72 51 73 4e 47 50 49   LDQvdGB0LrQsNGPI
14d0  4e 43 25 32 42 30 4c 48 51 75 39 43 77 30 59 48   NC%2B0LHQu9Cw0YH
14e0  52 67 74 47 4d 4a 39 43 63 30 4c 44 52 67 4e 43   RgtGMJ9Cc0LDRgNC
14f0  34 30 4c 6b 74 30 59 33 51 75 79 41 67 4b 4e 47   40Lkt0Y3QuyAgKNG
1500  41 30 4c 58 52 67 64 43 25 32 46 30 59 50 51 73   A0LXRgdC%2F0YPQs
1510  64 43 37 30 4c 6a 51 75 74 43 77 4b 53 6a 51 6e   dC70LjQutCwKSjQn
1520  4e 43 25 32 42 30 59 44 51 74 4e 43 25 32 42 30   NC%2B0YDQtNC%2B0
1530  4c 4c 51 75 4e 47 50 49 43 41 6f 30 59 44 51 74   LLQuNGPICAo0YDQt
1540  64 47 42 30 4c 25 32 46 52 67 39 43 78 30 4c 76   dGB0L%2FRg9Cx0Lv
1550  51 75 4e 43 36 30 4c 41 70 44 4e 43 63 30 4c 37   QuNC60LApDNCc0L7
1560  52 67 64 43 36 30 4c 4c 51 73 43 50 51 6e 4e 43   RgdC60LLQsCPQnNC
1570  25 32 42 30 59 48 51 75 74 43 25 32 42 30 4c 4c   %2B0YHQutC%2B0LL
1580  52 67 64 43 36 30 4c 44 52 6a 79 44 51 76 74 43   RgdC60LDRjyDQvtC
1590  78 30 4c 76 51 73 4e 47 42 30 59 4c 52 6a 43 50   x0LvQsNGB0YLRjCP
15a0  51 6e 4e 47 44 30 59 44 51 76 4e 43 77 30 4c 33   QnNGD0YDQvNCw0L3
15b0  52 67 64 43 36 30 4c 44 52 6a 79 44 51 76 74 43   RgdC60LDRjyDQvtC
15c0  78 30 4c 76 51 73 4e 47 42 30 59 4c 52 6a 44 44   x0LvQsNGB0YLRjDD
15d0  51 6e 64 43 31 30 4c 33 51 74 64 47 47 30 4c 72   QndC10L3QtdGG0Lr
15e0  51 75 4e 43 35 49 4e 43 77 30 4c 4c 52 67 74 43   QuNC5INCw0LLRgtC
15f0  25 32 42 30 4c 33 51 76 74 43 38 30 4c 33 52 69   %2B0L3QvtC80L3Ri
1600  39 43 35 49 4e 43 25 32 42 30 4c 72 52 67 4e 47   9C5INC%2B0LrRgNG
1610  44 30 4c 4d 70 30 4a 33 51 75 4e 43 32 30 4c 58   D0LMp0J3QuNC20LX
1620  51 73 39 43 25 32 42 30 59 44 51 76 74 43 30 30   Qs9C%2B0YDQvtC00
1630  59 48 51 75 74 43 77 30 59 38 67 30 4c 37 51 73   YHQutCw0Y8g0L7Qs
1640  64 43 37 30 4c 44 52 67 64 47 43 30 59 77 6e 30   dC70LDRgdGC0Ywn0
1650  4a 33 51 76 74 43 79 30 4c 50 51 76 74 47 41 30   J3QvtCy0LPQvtGA0
1660  4c 37 51 74 4e 47 42 30 4c 72 51 73 4e 47 50 49   L7QtNGB0LrQsNGPI
1670  4e 43 25 32 42 30 4c 48 51 75 39 43 77 30 59 48   NC%2B0LHQu9Cw0YH
1680  52 67 74 47 4d 4b 64 43 64 30 4c 37 51 73 74 43   RgtGMKdCd0L7QstC
1690  25 32 42 30 59 48 51 75 4e 43 78 30 4c 6a 52 67   %2B0YHQuNCx0LjRg
16a0  4e 47 42 30 4c 72 51 73 4e 47 50 49 4e 43 25 32   NGB0LrQsNGPINC%2
16b0  42 30 4c 48 51 75 39 43 77 30 59 48 52 67 74 47   B0LHQu9Cw0YHRgtG
16c0  4d 47 39 43 65 30 4c 7a 52 67 64 43 36 30 4c 44   MG9Ce0LzRgdC60LD
16d0  52 6a 79 44 51 76 74 43 78 30 4c 76 51 73 4e 47   RjyDQvtCx0LvQsNG
16e0  42 30 59 4c 52 6a 43 66 51 6e 74 47 41 30 4c 58   B0YLRjCfQntGA0LX
16f0  51 76 64 43 78 30 59 50 52 67 4e 43 7a 30 59 48   QvdCx0YPRgNCz0YH
1700  51 75 74 43 77 30 59 38 67 30 4c 37 51 73 64 43   QutCw0Y8g0L7QsdC
1710  37 30 4c 44 52 67 64 47 43 30 59 77 68 30 4a 37   70LDRgdGC0Ywh0J7
1720  52 67 4e 43 37 30 4c 37 51 73 74 47 42 30 4c 72   RgNC70L7QstGB0Lr
1730  51 73 4e 47 50 49 4e 43 25 32 42 30 4c 48 51 75   QsNGPINC%2B0LHQu
1740  39 43 77 30 59 48 52 67 74 47 4d 49 39 43 66 30   9Cw0YHRgtGMI9Cf0
1750  4c 58 51 76 64 43 33 30 4c 58 51 76 64 47 42 30   LXQvdC30LXQvdGB0
1760  4c 72 51 73 4e 47 50 49 4e 43 25 32 42 30 4c 48   LrQsNGPINC%2B0LH
1770  51 75 39 43 77 30 59 48 52 67 74 47 4d 47 64 43   Qu9Cw0YHRgtGMGdC
1780  66 30 4c 58 52 67 4e 43 38 30 59 48 51 75 74 43   f0LXRgNC80YHQutC
1790  34 30 4c 6b 67 30 4c 72 52 67 4e 43 77 30 4c 6b   40Lkg0LrRgNCw0Lk
17a0  64 30 4a 25 32 46 52 67 4e 43 34 30 4c 7a 51 76   d0J%2FRgNC40LzQv
17b0  74 47 41 30 59 48 51 75 74 43 34 30 4c 6b 67 30   tGA0YHQutC40Lkg0
17c0  4c 72 52 67 4e 43 77 30 4c 6b 68 30 4a 25 32 46   LrRgNCw0Lkh0J%2F
17d0  52 67 64 43 36 30 4c 37 51 73 74 47 42 30 4c 72   RgdC60L7QstGB0Lr
17e0  51 73 4e 47 50 49 4e 43 25 32 42 30 4c 48 51 75   QsNGPINC%2B0LHQu
17f0  39 43 77 30 59 48 52 67 74 47 4d 50 39 43 67 30   9Cw0YHRgtGMP9Cg0
1800  4c 58 52 67 64 43 25 32 46 30 59 50 51 73 64 43   LXRgdC%2F0YPQsdC
1810  37 30 4c 6a 51 75 74 43 77 49 4e 43 68 30 4c 58   70LjQutCwINCh0LX
1820  51 73 74 43 31 30 59 44 51 76 64 43 77 30 59 38   QstC10YDQvdCw0Y8
1830  67 30 4a 37 52 67 64 43 31 30 59 4c 51 75 4e 47   g0J7RgdC10YLQuNG
1840  50 4c 64 43 51 30 4c 76 51 73 4e 43 39 30 4c 6a   PLdCQ0LvQsNC90Lj
1850  52 6a 79 50 51 6f 4e 43 25 32 42 30 59 48 52 67   RjyPQoNC%2B0YHRg
1860  74 43 25 32 42 30 4c 4c 52 67 64 43 36 30 4c 44   tC%2B0LLRgdC60LD
1870  52 6a 79 44 51 76 74 43 78 30 4c 76 51 73 4e 47   RjyDQvtCx0LvQsNG
1880  42 30 59 4c 52 6a 43 48 51 6f 4e 47 50 30 4c 66   B0YLRjCHQoNGP0Lf
1890  51 73 4e 43 39 30 59 48 51 75 74 43 77 30 59 38   QsNC90YHQutCw0Y8
18a0  67 30 4c 37 51 73 64 43 37 30 4c 44 52 67 64 47   g0L7QsdC70LDRgdG
18b0  43 30 59 77 68 30 4b 48 51 73 4e 43 38 30 4c 44   C0Ywh0KHQsNC80LD
18c0  52 67 4e 47 42 30 4c 72 51 73 4e 47 50 49 4e 43   RgNGB0LrQsNGPINC
18d0  25 32 42 30 4c 48 51 75 39 43 77 30 59 48 52 67   %2B0LHQu9Cw0YHRg
18e0  74 47 4d 48 64 43 68 30 4c 44 51 76 64 43 36 30   tGMHdCh0LDQvdC60
18f0  59 49 74 30 4a 25 32 46 51 74 64 47 43 30 4c 58   YIt0J%2FQtdGC0LX
1900  52 67 4e 43 78 30 59 50 52 67 4e 43 7a 4a 64 43   RgNCx0YPRgNCzJdC
1910  68 30 4c 44 52 67 4e 43 77 30 59 4c 51 76 74 43   h0LDRgNCw0YLQvtC
1920  79 30 59 48 51 75 74 43 77 30 59 38 67 30 4c 37   y0YHQutCw0Y8g0L7
1930  51 73 64 43 37 30 4c 44 52 67 64 47 43 30 59 77   QsdC70LDRgdGC0Yw
1940  6c 30 4b 48 51 73 4e 47 46 30 4c 44 51 75 39 43   l0KHQsNGF0LDQu9C
1950  34 30 4c 33 52 67 64 43 36 30 4c 44 52 6a 79 44   40L3RgdC60LDRjyD
1960  51 76 74 43 78 30 4c 76 51 73 4e 47 42 30 59 4c   QvtCx0LvQsNGB0YL
1970  52 6a 43 66 51 6f 64 43 79 30 4c 58 52 67 4e 43   RjCfQodCy0LXRgNC
1980  30 30 4c 76 51 76 74 43 79 30 59 48 51 75 74 43   00LvQvtCy0YHQutC
1990  77 30 59 38 67 30 4c 37 51 73 64 43 37 30 4c 44   w0Y8g0L7QsdC70LD
19a0  52 67 64 47 43 30 59 77 57 30 4b 48 51 74 64 43   RgdGC0YwW0KHQtdC
19b0  79 30 4c 44 52 67 64 47 43 30 4c 37 51 76 39 43   y0LDRgdGC0L7Qv9C
19c0  25 32 42 30 4c 76 52 6a 43 50 51 6f 64 43 38 30   %2B0LvRjCPQodC80
19d0  4c 37 51 75 39 43 31 30 4c 33 52 67 64 43 36 30   L7Qu9C10L3RgdC60
19e0  4c 44 52 6a 79 44 51 76 74 43 78 30 4c 76 51 73   LDRjyDQvtCx0LvQs
19f0  4e 47 42 30 59 4c 52 6a 43 58 51 6f 64 47 43 30   NGB0YLRjCXQodGC0
1a00  4c 44 51 73 74 47 41 30 4c 37 51 76 39 43 25 32   LDQstGA0L7Qv9C%2
1a10  42 30 4c 76 52 6a 4e 47 42 30 4c 72 51 75 4e 43   B0LvRjNGB0LrQuNC
1a20  35 49 4e 43 36 30 59 44 51 73 4e 43 35 49 39 43   5INC60YDQsNC5I9C
1a30  69 30 4c 44 51 76 4e 43 78 30 4c 37 51 73 74 47   i0LDQvNCx0L7QstG
1a40  42 30 4c 72 51 73 4e 47 50 49 4e 43 25 32 42 30   B0LrQsNGPINC%2B0
1a50  4c 48 51 75 39 43 77 30 59 48 52 67 74 47 4d 4b   LHQu9Cw0YHRgtGMK
1a60  74 43 69 30 4c 44 52 67 74 43 77 30 59 44 52 67   tCi0LDRgtCw0YDRg
1a70  64 47 43 30 4c 44 51 76 53 41 67 4b 4e 47 41 30   dGC0LDQvSAgKNGA0
1a80  4c 58 52 67 64 43 25 32 46 30 59 50 51 73 64 43   LXRgdC%2F0YPQsdC
1a90  37 30 4c 6a 51 75 74 43 77 4b 52 25 32 46 51 6f   70LjQutCwKR%2FQo
1aa0  74 43 79 30 4c 58 52 67 4e 47 42 30 4c 72 51 73   tCy0LXRgNGB0LrQs
1ab0  4e 47 50 49 4e 43 25 32 42 30 4c 48 51 75 39 43   NGPINC%2B0LHQu9C
1ac0  77 30 59 48 52 67 74 47 4d 48 64 43 69 30 4c 37   w0YHRgtGMHdCi0L7
1ad0  51 76 4e 47 42 30 4c 72 51 73 4e 47 50 49 4e 43   QvNGB0LrQsNGPINC
1ae0  25 32 42 30 4c 48 51 75 39 43 77 30 59 48 52 67   %2B0LHQu9Cw0YHRg
1af0  74 47 4d 49 4e 43 69 30 59 50 51 73 74 43 77 49   tGMINCi0YPQstCwI
1b00  43 41 6f 30 59 44 51 74 64 47 42 30 4c 25 32 46   CAo0YDQtdGB0L%2F
1b10  52 67 39 43 78 30 4c 76 51 75 4e 43 36 30 4c 41   Rg9Cx0LvQuNC60LA
1b20  70 48 39 43 69 30 59 50 51 75 39 47 4d 30 59 48   pH9Ci0YPQu9GM0YH
1b30  51 75 74 43 77 30 59 38 67 30 4c 37 51 73 64 43   QutCw0Y8g0L7QsdC
1b40  37 30 4c 44 52 67 64 47 43 30 59 77 68 30 4b 4c   70LDRgdGC0Ywh0KL
1b50  52 6a 74 43 38 30 4c 58 51 76 64 47 42 30 4c 72   RjtC80LXQvdGB0Lr
1b60  51 73 4e 47 50 49 4e 43 25 32 42 30 4c 48 51 75   QsNGPINC%2B0LHQu
1b70  39 43 77 30 59 48 52 67 74 47 4d 4b 64 43 6a 30   9Cw0YHRgtGMKdCj0
1b80  4c 54 51 76 4e 47 44 30 59 44 52 67 74 47 42 30   LTQvNGD0YDRgtGB0
1b90  4c 72 51 73 4e 47 50 49 4e 43 67 30 4c 58 52 67   LrQsNGPINCg0LXRg
1ba0  64 43 25 32 46 30 59 50 51 73 64 43 37 30 4c 6a   dC%2F0YPQsdC70Lj
1bb0  51 75 74 43 77 4a 64 43 6a 30 4c 76 52 6a 4e 47   QutCwJdCj0LvRjNG
1bc0  50 30 4c 33 51 76 74 43 79 30 59 48 51 75 74 43   P0L3QvtCy0YHQutC
1bd0  77 30 59 38 67 30 4c 37 51 73 64 43 37 30 4c 44   w0Y8g0L7QsdC70LD
1be0  52 67 64 47 43 30 59 77 66 30 4b 58 51 73 4e 43   RgdGC0Ywf0KXQsNC
1bf0  78 30 4c 44 52 67 4e 43 25 32 42 30 4c 4c 52 67   x0LDRgNC%2B0LLRg
1c00  64 43 36 30 4c 6a 51 75 53 44 51 75 74 47 41 30   dC60LjQuSDQutGA0
1c10  4c 44 51 75 53 62 51 70 64 43 77 30 4c 72 51 73   LDQuSbQpdCw0LrQs
1c20  4e 47 42 30 4c 6a 52 6a 79 41 67 4b 4e 47 41 30   NGB0LjRjyAgKNGA0
1c30  4c 58 52 67 64 43 25 32 46 30 59 50 51 73 64 43   LXRgdC%2F0YPQsdC
1c40  37 30 4c 6a 51 75 74 43 77 4b 54 25 32 46 51 70   70LjQutCwKT%2FQp
1c50  64 43 77 30 4c 33 52 67 74 47 4c 4c 64 43 63 30   dCw0L3RgtGLLdCc0
1c60  4c 44 51 76 64 47 42 30 4c 6a 51 75 64 47 42 30   LDQvdGB0LjQudGB0
1c70  4c 72 51 75 4e 43 35 49 4e 43 77 30 4c 4c 52 67   LrQuNC5INCw0LLRg
1c80  74 43 25 32 42 30 4c 33 51 76 74 43 38 30 4c 33   tC%2B0L3QvtC80L3
1c90  52 69 39 43 35 49 4e 43 25 32 42 30 4c 72 52 67   Ri9C5INC%2B0LrRg
1ca0  4e 47 44 30 4c 4d 6c 30 4b 66 51 74 64 43 37 30   NGD0LMl0KfQtdC70
1cb0  59 25 32 46 51 73 64 43 34 30 4c 33 52 67 64 43   Y%2FQsdC40L3RgdC
1cc0  36 30 4c 44 52 6a 79 44 51 76 74 43 78 30 4c 76   60LDRjyDQvtCx0Lv
1cd0  51 73 4e 47 42 30 59 4c 52 6a 43 66 51 70 39 43   QsNGB0YLRjCfQp9C
1ce0  31 30 59 66 51 74 64 43 39 30 59 48 51 75 74 43   10YfQtdC90YHQutC
1cf0  77 30 59 38 67 30 4b 44 51 74 64 47 42 30 4c 25   w0Y8g0KDQtdGB0L%
1d00  32 46 52 67 39 43 78 30 4c 76 51 75 4e 43 36 30   2FRg9Cx0LvQuNC60
1d10  4c 41 68 30 4b 66 51 75 4e 47 43 30 4c 6a 51 76   LAh0KfQuNGC0LjQv
1d20  64 47 42 30 4c 72 51 73 4e 47 50 49 4e 43 25 32   dGB0LrQsNGPINC%2
1d30  42 30 4c 48 51 75 39 43 77 30 59 48 52 67 74 47   B0LHQu9Cw0YHRgtG
1d40  4d 4a 39 43 6e 30 59 50 51 73 74 43 77 30 59 6a   MJ9Cn0YPQstCw0Yj
1d50  52 67 64 43 36 30 4c 44 52 6a 79 44 52 67 4e 43   RgdC60LDRjyDRgNC
1d60  31 30 59 48 51 76 39 47 44 30 4c 48 51 75 39 43   10YHQv9GD0LHQu9C
1d70  34 30 4c 72 51 73 42 66 51 70 39 47 44 30 4c 72   40LrQsBfQp9GD0Lr
1d80  51 76 74 47 43 30 59 48 51 75 74 43 34 30 4c 6b   QvtGC0YHQutC40Lk
1d90  67 30 4a 44 51 6e 69 33 51 72 39 43 36 30 59 50   g0JDQni3Qr9C60YP
1da0  52 67 74 43 34 30 59 38 74 30 4b 48 51 73 4e 47   RgtC40Y8t0KHQsNG
1db0  46 30 4c 41 67 49 43 6a 52 67 4e 43 31 30 59 48   F0LAgICjRgNC10YH
1dc0  51 76 39 47 44 30 4c 48 51 75 39 43 34 30 4c 72   Qv9GD0LHQu9C40Lr
1dd0  51 73 43 6b 37 30 4b 25 32 46 51 76 4e 43 77 30   QsCk70K%2FQvNCw0
1de0  4c 76 51 76 69 33 51 6e 64 43 31 30 4c 33 51 74   LvQvi3QndC10L3Qt
1df0  64 47 47 30 4c 72 51 75 4e 43 35 49 4e 43 77 30   dGG0LrQuNC5INCw0
1e00  4c 4c 52 67 74 43 25 32 42 30 4c 33 51 76 74 43   LLRgtC%2B0L3QvtC
1e10  38 30 4c 33 52 69 39 43 35 49 4e 43 25 32 42 30   80L3Ri9C5INC%2B0
1e20  4c 72 52 67 4e 47 44 30 4c 4d 6c 30 4b 25 32 46   LrRgNGD0LMl0K%2F
1e30  52 67 4e 43 25 32 42 30 59 48 51 75 39 43 77 30   RgNC%2B0YHQu9Cw0
1e40  4c 4c 52 67 64 43 36 30 4c 44 52 6a 79 44 51 76   LLRgdC60LDRjyDQv
1e50  74 43 78 30 4c 76 51 73 4e 47 42 30 59 4c 52 6a   tCx0LvQsNGB0YLRj
1e60  42 56 58 41 41 49 33 4f 51 49 34 4e 41 45 78 41   BVXAAI3OQI4NAExA
1e70  6a 45 77 41 6a 45 78 41 6a 45 79 41 6a 67 77 41   jEwAjExAjEyAjgwA
1e80  6a 45 30 41 6a 45 31 41 6a 67 78 41 6a 45 33 41   jE0AjE1AjgxAjE3A
1e90  6a 45 34 41 6a 45 35 41 6a 49 77 41 6a 67 79 41   jE4AjE5AjIwAjgyA
1ea0  6a 6b 35 41 7a 45 77 4d 51 49 79 4e 41 49 79 4e   jk5AzEwMQIyNAIyN
1eb0  67 49 79 4e 51 49 34 4d 77 49 79 4e 77 49 34 4e   gIyNQI4MwIyNwI4N
1ec0  51 49 79 4f 51 49 7a 4d 41 49 35 4d 51 49 34 4e   QIyOQIzMAI5MQI4N
1ed0  67 49 7a 4d 67 49 7a 4d 77 49 34 4e 77 49 7a 4e   gIzMgIzMwI4NwIzN
1ee0  41 45 7a 41 54 51 44 4d 6a 41 79 41 6a 4d 33 41   AEzATQDMjAyAjM3A
1ef0  6a 4d 34 41 6a 51 78 41 6a 51 79 41 6a 51 30 41   jM4AjQxAjQyAjQ0A
1f00  6a 67 34 41 6a 67 35 41 6a 51 31 41 6a 51 32 41   jg4Ajg5AjQ1AjQ2A
1f10  6a 51 33 41 7a 49 77 4d 41 49 79 4d 67 49 30 4f   jQ3AzIwMAIyMgI0O
1f20  51 49 31 4d 41 49 31 4d 67 49 31 4d 77 49 31 4e   QI1MAI1MgI1MwI1N
1f30  41 49 31 4e 67 49 31 4e 77 45 31 41 6a 55 34 41   AI1NgI1NwE1AjU4A
1f40  7a 45 77 4d 67 49 32 4d 41 49 32 4d 51 49 7a 4e   zEwMgI2MAI2MQIzN
1f50  67 49 30 4d 41 49 32 4d 77 49 32 4e 41 49 32 4e   gI0MAI2MwI2NAI2N
1f60  51 4d 79 4d 44 45 43 4e 6a 59 42 4e 77 49 32 4f   QMyMDECNjYBNwI2O
1f70  41 49 35 4d 67 49 79 4f 41 49 32 4f 51 49 35 4d   AI5MgIyOAI2OQI5M
1f80  77 49 33 4d 41 49 33 4d 51 49 35 4e 41 49 33 4d   wI3MAI3MQI5NAI3M
1f90  77 45 34 41 6a 6b 31 41 7a 45 77 4d 77 49 33 4e   wE4Ajk1AzEwMwI3N
1fa0  51 49 35 4e 67 49 33 4e 67 49 35 4e 77 49 33 4e   QI5NgI3NgI5NwI3N
1fb0  77 49 35 4f 41 4d 78 4d 44 51 43 4e 7a 67 55 4b   wI5OAMxMDQCNzgUK
1fc0  77 4e 58 5a 32 64 6e 5a 32 64 6e 5a 32 64 6e 5a   wNXZ2dnZ2dnZ2dnZ
1fd0  32 64 6e 5a 32 64 6e 5a 32 64 6e 5a 32 64 6e 5a   2dnZ2dnZ2dnZ2dnZ
1fe0  32 64 6e 5a 32 64 6e 5a 32 64 6e 5a 32 64 6e 5a   2dnZ2dnZ2dnZ2dnZ
1ff0  32 64 6e 5a 32 64 6e 5a 32 64 6e 5a 32 64 6e 5a   2dnZ2dnZ2dnZ2dnZ
2000  32 64 6e 5a 32 64 6e 5a 32 64 6e 5a 32 64 6e 5a   2dnZ2dnZ2dnZ2dnZ
2010  32 64 6e 5a 32 64 6e 5a 32 64 6e 5a 32 64 6e 5a   2dnZ2dnZ2dnZ2dnZ
2020  32 64 6e 5a 32 64 6e 5a 32 64 6e 5a 32 64 6e 5a   2dnZ2dnZ2dnZ2dnZ
2030  32 64 6e 5a 32 64 6e 5a 47 51 43 41 77 39 6b 46   2dnZ2dnZGQCAw9kF
2040  67 5a 6d 44 77 38 57 41 68 34 45 56 47 56 34 64   gZmDw8WAh4EVGV4d
2050  47 55 57 41 68 34 48 62 32 35 6a 62 47 6c 6a 61   GUWAh4Hb25jbGlja
2060  77 55 74 54 33 42 6c 62 6b 31 76 5a 47 46 73 56   wUtT3Blbk1vZGFsV
2070  32 6c 75 5a 47 39 33 58 32 4e 30 62 44 41 77 58   2luZG93X2N0bDAwX
2080  32 4e 77 61 45 4a 76 5a 48 6c 66 62 57 52 7a 56   2NwaEJvZHlfbWRzV
2090  48 4a 68 5a 47 56 51 62 47 46 6a 5a 53 67 70 5a   HJhZGVQbGFjZSgpZ
20a0  41 49 42 44 77 39 6b 46 67 49 66 42 67 55 74 54   AIBDw9kFgIfBgUtT
20b0  33 42 6c 62 6b 31 76 5a 47 46 73 56 32 6c 75 5a   3Blbk1vZGFsV2luZ
20c0  47 39 33 58 32 4e 30 62 44 41 77 58 32 4e 77 61   G93X2N0bDAwX2Nwa
20d0  45 4a 76 5a 48 6c 66 62 57 52 7a 56 48 4a 68 5a   EJvZHlfbWRzVHJhZ
20e0  47 56 51 62 47 46 6a 5a 53 67 70 5a 41 49 43 44   GVQbGFjZSgpZAICD
20f0  77 39 6b 46 67 49 66 42 67 55 6a 51 32 78 6c 59   w9kFgIfBgUjQ2xlY
2100  58 4a 66 59 33 52 73 4d 44 42 66 59 33 42 6f 51   XJfY3RsMDBfY3BoQ
2110  6d 39 6b 65 56 39 74 5a 48 4e 55 63 6d 46 6b 5a   m9keV9tZHNUcmFkZ
2120  56 42 73 59 57 4e 6c 4b 43 6c 6b 41 67 55 50 5a   VBsYWNlKClkAgUPZ
2130  42 59 43 5a 67 38 51 44 78 59 43 48 77 52 6e 5a   BYCZg8QDxYCHwRnZ
2140  42 41 56 42 67 62 51 6b 74 47 42 30 4c 55 66 30   BAVBgbQktGB0LUf0
2150  4a 37 52 67 74 43 36 30 59 44 52 69 39 47 43 30   J7RgtC60YDRi9GC0
2160  59 76 51 75 53 44 51 73 4e 47 44 30 4c 72 52 68   YvQuSDQsNGD0LrRh
2170  74 43 34 30 4c 37 51 76 52 25 32 46 51 6e 74 47   tC40L7QvR%2FQntG
2180  43 30 4c 72 52 67 4e 47 4c 30 59 4c 52 69 39 43   C0LrRgNGL0YLRi9C
2190  35 49 4e 43 36 30 4c 37 51 76 64 43 36 30 59 50   5INC60L7QvdC60YP
21a0  52 67 4e 47 42 4b 64 43 66 30 59 50 51 73 64 43   RgNGBKdCf0YPQsdC
21b0  37 30 4c 6a 52 68 39 43 39 30 4c 37 51 74 53 44   70LjRh9C90L7QtSD
21c0  51 76 39 47 41 30 4c 58 51 74 4e 43 37 30 4c 37   Qv9GA0LXQtNC70L7
21d0  51 74 74 43 31 30 4c 33 51 75 4e 43 31 48 39 43   QttC10L3QuNC1H9C
21e0  58 30 4c 44 51 75 74 47 41 30 59 76 52 67 74 47   X0LDQutGA0YvRgtG
21f0  4c 30 4c 6b 67 30 4c 44 52 67 39 43 36 30 59 62   L0Lkg0LDRg9C60Yb
2200  51 75 4e 43 25 32 42 30 4c 30 66 30 4a 66 51 73   QuNC%2B0L0f0JfQs
2210  4e 43 36 30 59 44 52 69 39 47 43 30 59 76 51 75   NC60YDRi9GC0YvQu
2220  53 44 51 75 74 43 25 32 42 30 4c 33 51 75 74 47   SDQutC%2B0L3QutG
2230  44 30 59 44 52 67 52 55 47 41 41 45 78 41 54 49   D0YDRgRUGAAExATI
2240  42 4d 77 45 31 41 54 59 55 4b 77 4d 47 5a 32 64   BMwE1ATYUKwMGZ2d
2250  6e 5a 32 64 6e 5a 47 51 43 42 77 39 6b 46 67 5a   nZ2dnZGQCBw9kFgZ
2260  6d 44 77 38 57 41 68 38 46 5a 52 59 43 48 77 59   mDw8WAh8FZRYCHwY
2270  46 4b 55 39 77 5a 57 35 4e 62 32 52 68 62 46 64   FKU9wZW5Nb2RhbFd
2280  70 62 6d 52 76 64 31 39 6a 64 47 77 77 4d 46 39   pbmRvd19jdGwwMF9
2290  6a 63 47 68 43 62 32 52 35 58 32 31 6b 63 30 52   jcGhCb2R5X21kc0R
22a0  6c 59 6e 52 76 63 69 67 70 5a 41 49 42 44 77 39   lYnRvcigpZAIBDw9
22b0  6b 46 67 49 66 42 67 55 70 54 33 42 6c 62 6b 31   kFgIfBgUpT3Blbk1
22c0  76 5a 47 46 73 56 32 6c 75 5a 47 39 33 58 32 4e   vZGFsV2luZG93X2N
22d0  30 62 44 41 77 58 32 4e 77 61 45 4a 76 5a 48 6c   0bDAwX2NwaEJvZHl
22e0  66 62 57 52 7a 52 47 56 69 64 47 39 79 4b 43 6c   fbWRzRGVidG9yKCl
22f0  6b 41 67 49 50 44 32 51 57 41 68 38 47 42 52 39   kAgIPD2QWAh8GBR9
2300  44 62 47 56 68 63 6c 39 6a 64 47 77 77 4d 46 39   DbGVhcl9jdGwwMF9
2310  6a 63 47 68 43 62 32 52 35 58 32 31 6b 63 30 52   jcGhCb2R5X21kc0R
2320  6c 59 6e 52 76 63 69 67 70 5a 41 49 4a 44 32 51   lYnRvcigpZAIJD2Q
2330  57 41 6d 59 50 45 41 38 57 41 68 38 45 5a 32 51   WAmYPEA8WAh8EZ2Q
2340  51 46 51 67 47 30 4a 4c 52 67 64 43 31 48 64 43   QFQgG0JLRgdC1HdC
2350  64 30 4c 41 67 30 59 44 51 73 4e 47 42 30 59 48   d0LAg0YDQsNGB0YH
2360  51 76 4e 43 25 32 42 30 59 4c 52 67 4e 43 31 30   QvNC%2B0YLRgNC10
2370  4c 33 51 75 4e 43 34 48 64 43 65 30 4c 48 52 69   L3QuNC4HdCe0LHRi
2380  74 47 50 30 4c 4c 51 75 39 43 31 30 4c 33 52 69   tGP0LLQu9C10L3Ri
2390  79 44 52 67 74 43 25 32 42 30 59 44 51 73 39 43   yDRgtC%2B0YDQs9C
23a0  34 4a 4e 43 65 30 59 4c 51 75 74 47 41 30 59 76   4JNCe0YLQutGA0Yv
23b0  52 67 69 44 51 76 39 47 41 30 4c 6a 51 74 64 43   RgiDQv9GA0LjQtdC
23c0  38 49 4e 43 33 30 4c 44 52 6a 39 43 79 30 4c 37   8INC30LDRj9Cy0L7
23d0  51 75 69 6a 51 6e 39 47 41 30 4c 6a 51 74 64 43   QuijQn9GA0LjQtdC
23e0  38 49 4e 43 33 30 4c 44 52 6a 39 43 79 30 4c 37   8INC30LDRj9Cy0L7
23f0  51 75 69 44 51 74 39 43 77 30 4c 4c 51 74 64 47   QuiDQt9Cw0LLQtdG
2400  41 30 59 6a 51 74 64 43 39 45 39 43 59 30 4c 54   A0YjQtdC9E9CY0LT
2410  52 67 39 47 43 49 4e 47 43 30 4c 37 52 67 4e 43   Rg9GCINGC0L7RgNC
2420  7a 30 4c 67 57 30 4a 66 51 73 4e 43 79 30 4c 58   z0LgW0JfQsNCy0LX
2430  52 67 4e 47 49 30 4c 58 51 76 64 43 39 30 59 76   RgNGI0LXQvdC90Yv
2440  51 74 52 7a 51 6b 4e 43 39 30 4c 33 52 67 39 43   QtRzQkNC90L3Rg9C
2450  37 30 4c 6a 52 67 4e 43 25 32 42 30 4c 4c 51 73   70LjRgNC%2B0LLQs
2460  4e 43 39 30 4c 33 52 69 39 43 31 46 51 67 41 41   NC90L3Ri9C1FQgAA
2470  54 45 42 4d 67 45 7a 41 54 51 42 4e 51 45 32 41   TEBMgEzATQBNQE2A
2480  54 6b 55 4b 77 4d 49 5a 32 64 6e 5a 32 64 6e 5a   TkUKwMIZ2dnZ2dnZ
2490  32 64 6b 5a 41 49 4c 44 32 51 57 42 6d 59 50 44   2dkZAILD2QWBmYPD
24a0  78 59 43 48 77 56 6c 46 67 49 66 42 67 55 6f 54   xYCHwVlFgIfBgUoT
24b0  33 42 6c 62 6b 31 76 5a 47 46 73 56 32 6c 75 5a   3Blbk1vZGFsV2luZ
24c0  47 39 33 58 32 4e 30 62 44 41 77 58 32 4e 77 61   G93X2N0bDAwX2Nwa
24d0  45 4a 76 5a 48 6c 66 62 57 52 7a 51 58 4a 74 56   EJvZHlfbWRzQXJtV
24e0  45 38 6f 4b 57 51 43 41 51 38 50 5a 42 59 43 48   E8oKWQCAQ8PZBYCH
24f0  77 59 46 4b 45 39 77 5a 57 35 4e 62 32 52 68 62   wYFKE9wZW5Nb2Rhb
2500  46 64 70 62 6d 52 76 64 31 39 6a 64 47 77 77 4d   FdpbmRvd19jdGwwM
2510  46 39 6a 63 47 68 43 62 32 52 35 58 32 31 6b 63   F9jcGhCb2R5X21kc
2520  30 46 79 62 56 52 50 4b 43 6c 6b 41 67 49 50 44   0FybVRPKClkAgIPD
2530  32 51 57 41 68 38 47 42 52 35 44 62 47 56 68 63   2QWAh8GBR5DbGVhc
2540  6c 39 6a 64 47 77 77 4d 46 39 6a 63 47 68 43 62   l9jdGwwMF9jcGhCb
2550  32 52 35 58 32 31 6b 63 30 46 79 62 56 52 50 4b   2R5X21kc0FybVRPK
2560  43 6c 6b 41 67 30 50 5a 42 59 47 5a 67 38 50 46   ClkAg0PZBYGZg8PF
2570  67 49 66 42 57 55 57 41 68 38 47 42 54 70 50 63   gIfBWUWAh8GBTpPc
2580  47 56 75 54 57 39 6b 59 57 78 58 61 57 35 6b 62   GVuTW9kYWxXaW5kb
2590  33 64 66 59 33 52 73 4d 44 42 66 59 33 42 6f 51   3dfY3RsMDBfY3BoQ
25a0  6d 39 6b 65 56 39 31 59 31 42 79 62 33 42 6c 63   m9keV91Y1Byb3Blc
25b0  6e 52 35 51 32 46 30 5a 57 64 76 63 6d 6c 6c 63   nR5Q2F0ZWdvcmllc
25c0  31 4e 6c 62 47 56 6a 64 43 67 70 5a 41 49 42 44   1NlbGVjdCgpZAIBD
25d0  77 39 6b 46 67 49 66 42 67 55 36 54 33 42 6c 62   w9kFgIfBgU6T3Blb
25e0  6b 31 76 5a 47 46 73 56 32 6c 75 5a 47 39 33 58   k1vZGFsV2luZG93X
25f0  32 4e 30 62 44 41 77 58 32 4e 77 61 45 4a 76 5a   2N0bDAwX2NwaEJvZ
2600  48 6c 66 64 57 4e 51 63 6d 39 77 5a 58 4a 30 65   HlfdWNQcm9wZXJ0e
2610  55 4e 68 64 47 56 6e 62 33 4a 70 5a 58 4e 54 5a   UNhdGVnb3JpZXNTZ
2620  57 78 6c 59 33 51 6f 4b 57 51 43 41 67 38 50 5a   WxlY3QoKWQCAg8PZ
2630  42 59 43 48 77 59 46 4d 45 4e 73 5a 57 46 79 58   BYCHwYFMENsZWFyX
2640  32 4e 30 62 44 41 77 58 32 4e 77 61 45 4a 76 5a   2N0bDAwX2NwaEJvZ
2650  48 6c 66 64 57 4e 51 63 6d 39 77 5a 58 4a 30 65   HlfdWNQcm9wZXJ0e
2660  55 4e 68 64 47 56 6e 62 33 4a 70 5a 58 4e 54 5a   UNhdGVnb3JpZXNTZ
2670  57 78 6c 59 33 51 6f 4b 57 51 43 46 51 39 6b 46   WxlY3QoKWQCFQ9kF
2680  67 67 43 41 77 38 50 5a 42 59 45 48 67 68 76 62   ggCAw8PZBYEHghvb
2690  6d 4e 6f 59 57 35 6e 5a 51 55 32 55 32 56 30 53   mNoYW5nZQU2U2V0S
26a0  47 6c 6b 5a 47 56 75 52 6d 6c 6c 62 47 52 66 59   GlkZGVuRmllbGRfY
26b0  33 52 73 4d 44 42 66 59 33 42 6f 51 6d 39 6b 65   3RsMDBfY3BoQm9ke
26c0  56 39 6a 62 47 52 79 51 6d 56 6e 61 57 35 45 59   V9jbGRyQmVnaW5EY
26d0  58 52 6c 4b 48 52 6f 61 58 4d 75 64 6d 46 73 64   XRlKHRoaXMudmFsd
26e0  57 55 70 48 67 70 76 62 6d 74 6c 65 58 42 79 5a   WUpHgpvbmtleXByZ
26f0  58 4e 7a 42 54 5a 54 5a 58 52 49 61 57 52 6b 5a   XNzBTZTZXRIaWRkZ
2700  57 35 47 61 57 56 73 5a 46 39 6a 64 47 77 77 4d   W5GaWVsZF9jdGwwM
2710  46 39 6a 63 47 68 43 62 32 52 35 58 32 4e 73 5a   F9jcGhCb2R5X2NsZ
2720  48 4a 43 5a 57 64 70 62 6b 52 68 64 47 55 6f 64   HJCZWdpbkRhdGUod
2730  47 68 70 63 79 35 32 59 57 78 31 5a 53 6c 6b 41   Ghpcy52YWx1ZSlkA
2740  67 55 50 44 32 51 57 41 68 38 47 42 53 70 54 61   gUPD2QWAh8GBSpTa
2750  47 39 33 51 32 46 73 5a 57 35 6b 59 58 4a 66 59   G93Q2FsZW5kYXJfY
2760  33 52 73 4d 44 42 66 59 33 42 6f 51 6d 39 6b 65   3RsMDBfY3BoQm9ke
2770  56 39 6a 62 47 52 79 51 6d 56 6e 61 57 35 45 59   V9jbGRyQmVnaW5EY
2780  58 52 6c 4b 43 6c 6b 41 67 59 50 44 32 51 57 42   XRlKClkAgYPD2QWB
2790  42 34 46 55 33 52 35 62 47 55 46 4d 47 4e 31 63   B4FU3R5bGUFMGN1c
27a0  6e 4e 76 63 6a 6f 67 63 47 39 70 62 6e 52 6c 63   nNvcjogcG9pbnRlc
27b0  6a 73 67 64 6d 6c 7a 61 57 4a 70 62 47 6c 30 65   jsgdmlzaWJpbGl0e
27c0  54 70 6f 61 57 52 6b 5a 57 34 37 49 47 52 70 63   TpoaWRkZW47IGRpc
27d0  33 42 73 59 58 6b 36 62 6d 39 75 5a 52 38 47 42   3BsYXk6bm9uZR8GB
27e0  53 68 44 62 47 56 68 63 6b 6c 75 63 48 56 30 58   ShDbGVhcklucHV0X
27f0  32 4e 30 62 44 41 77 58 32 4e 77 61 45 4a 76 5a   2N0bDAwX2NwaEJvZ
2800  48 6c 66 59 32 78 6b 63 6b 4a 6c 5a 32 6c 75 52   HlfY2xkckJlZ2luR
2810  47 46 30 5a 53 67 70 5a 41 49 48 44 77 38 57 41   GF0ZSgpZAIHDw8WA
2820  68 34 59 51 32 78 70 5a 57 35 30 56 6d 46 73 61   h4YQ2xpZW50VmFsa
2830  57 52 68 64 47 6c 76 62 6b 5a 31 62 6d 4e 30 61   WRhdGlvbkZ1bmN0a
2840  57 39 75 42 53 6c 57 59 57 78 70 5a 47 46 30 5a   W9uBSlWYWxpZGF0Z
2850  55 6c 75 63 48 56 30 58 32 4e 30 62 44 41 77 58   UlucHV0X2N0bDAwX
2860  32 4e 77 61 45 4a 76 5a 48 6c 66 59 32 78 6b 63   2NwaEJvZHlfY2xkc
2870  6b 4a 6c 5a 32 6c 75 52 47 46 30 5a 57 52 6b 41   kJlZ2luRGF0ZWRkA
2880  68 63 50 5a 42 59 49 41 67 4d 50 44 32 51 57 42   hcPZBYIAgMPD2QWB
2890  42 38 48 42 54 52 54 5a 58 52 49 61 57 52 6b 5a   B8HBTRTZXRIaWRkZ
28a0  57 35 47 61 57 56 73 5a 46 39 6a 64 47 77 77 4d   W5GaWVsZF9jdGwwM
28b0  46 39 6a 63 47 68 43 62 32 52 35 58 32 4e 73 5a   F9jcGhCb2R5X2NsZ
28c0  48 4a 46 62 6d 52 45 59 58 52 6c 4b 48 52 6f 61   HJFbmREYXRlKHRoa
28d0  58 4d 75 64 6d 46 73 64 57 55 70 48 77 67 46 4e   XMudmFsdWUpHwgFN
28e0  46 4e 6c 64 45 68 70 5a 47 52 6c 62 6b 5a 70 5a   FNldEhpZGRlbkZpZ
28f0  57 78 6b 58 32 4e 30 62 44 41 77 58 32 4e 77 61   WxkX2N0bDAwX2Nwa
2900  45 4a 76 5a 48 6c 66 59 32 78 6b 63 6b 56 75 5a   EJvZHlfY2xkckVuZ
2910  45 52 68 64 47 55 6f 64 47 68 70 63 79 35 32 59   ERhdGUodGhpcy52Y
2920  57 78 31 5a 53 6c 6b 41 67 55 50 44 32 51 57 41   Wx1ZSlkAgUPD2QWA
2930  68 38 47 42 53 68 54 61 47 39 33 51 32 46 73 5a   h8GBShTaG93Q2FsZ
2940  57 35 6b 59 58 4a 66 59 33 52 73 4d 44 42 66 59   W5kYXJfY3RsMDBfY
2950  33 42 6f 51 6d 39 6b 65 56 39 6a 62 47 52 79 52   3BoQm9keV9jbGRyR
2960  57 35 6b 52 47 46 30 5a 53 67 70 5a 41 49 47 44   W5kRGF0ZSgpZAIGD
2970  77 39 6b 46 67 51 66 43 51 55 77 59 33 56 79 63   w9kFgQfCQUwY3Vyc
2980  32 39 79 4f 69 42 77 62 32 6c 75 64 47 56 79 4f   29yOiBwb2ludGVyO
2990  79 42 32 61 58 4e 70 59 6d 6c 73 61 58 52 35 4f   yB2aXNpYmlsaXR5O
29a0  6d 68 70 5a 47 52 6c 62 6a 73 67 5a 47 6c 7a 63   mhpZGRlbjsgZGlzc
29b0  47 78 68 65 54 70 75 62 32 35 6c 48 77 59 46 4a   GxheTpub25lHwYFJ
29c0  6b 4e 73 5a 57 46 79 53 57 35 77 64 58 52 66 59   kNsZWFySW5wdXRfY
29d0  33 52 73 4d 44 42 66 59 33 42 6f 51 6d 39 6b 65   3RsMDBfY3BoQm9ke
29e0  56 39 6a 62 47 52 79 52 57 35 6b 52 47 46 30 5a   V9jbGRyRW5kRGF0Z
29f0  53 67 70 5a 41 49 48 44 77 38 57 41 68 38 4b 42   SgpZAIHDw8WAh8KB
2a00  53 64 57 59 57 78 70 5a 47 46 30 5a 55 6c 75 63   SdWYWxpZGF0ZUluc
2a10  48 56 30 58 32 4e 30 62 44 41 77 58 32 4e 77 61   HV0X2N0bDAwX2Nwa
2a20  45 4a 76 5a 48 6c 66 59 32 78 6b 63 6b 56 75 5a   EJvZHlfY2xkckVuZ
2a30  45 52 68 64 47 56 6b 5a 41 49 42 44 32 51 57 41   ERhdGVkZAIBD2QWA
2a40  6d 59 50 5a 42 59 43 41 67 45 50 44 78 59 43 48   mYPZBYCAgEPDxYCH
2a50  67 64 57 61 58 4e 70 59 6d 78 6c 61 47 51 57 41   gdWaXNpYmxlaGQWA
2a60  6d 59 50 44 78 59 45 48 77 55 46 51 64 43 74 30   mYPDxYEHwUFQdCt0
2a70  59 4c 51 76 74 43 7a 30 4c 34 67 30 4c 33 51 74   YLQvtCz0L4g0L3Qt
2a80  53 44 51 74 4e 43 25 32 42 30 4c 76 51 74 74 43   SDQtNC%2B0LvQttC
2a90  39 30 4c 34 67 30 4c 48 52 69 39 47 43 30 59 77   90L4g0LHRi9GC0Yw
2aa0  67 30 4c 66 51 74 4e 43 31 30 59 48 52 6a 43 44   g0LfQtNC10YHRjCD
2ab0  51 76 64 43 77 30 4c 25 32 46 51 75 4e 47 42 30   QvdCw0L%2FQuNGB0
2ac0  4c 44 51 76 64 43 25 32 42 48 77 74 6f 5a 47 51   LDQvdC%2BHwtoZGQ
2ad0  59 41 67 55 65 58 31 39 44 62 32 35 30 63 6d 39   YAgUeX19Db250cm9
2ae0  73 63 31 4a 6c 63 58 56 70 63 6d 56 51 62 33 4e   sc1JlcXVpcmVQb3N
2af0  30 51 6d 46 6a 61 30 74 6c 65 56 39 66 46 67 67   0QmFja0tleV9fFgg
2b00  46 4b 57 4e 30 62 44 41 77 4a 46 42 79 61 58 5a   FKWN0bDAwJFByaXZ
2b10  68 64 47 56 50 5a 6d 5a 70 59 32 55 78 4a 47 6c   hdGVPZmZpY2UxJGl
2b20  69 55 48 4a 70 64 6d 46 30 5a 55 39 6d 5a 6d 6c   iUHJpdmF0ZU9mZml
2b30  6a 5a 55 56 75 64 47 56 79 42 53 46 6a 64 47 77   jZUVudGVyBSFjdGw
2b40  77 4d 43 52 51 63 6d 6c 32 59 58 52 6c 54 32 5a   wMCRQcml2YXRlT2Z
2b50  6d 61 57 4e 6c 4d 53 52 6a 59 6c 4a 6c 62 57 56   maWNlMSRjYlJlbWV
2b60  74 59 6d 56 79 54 57 55 46 49 47 4e 30 62 44 41   tYmVyTWUFIGN0bDA
2b70  77 4a 46 42 79 61 58 5a 68 64 47 56 50 5a 6d 5a   wJFByaXZhdGVPZmZ
2b80  70 59 32 55 78 4a 46 4a 68 5a 46 52 76 62 32 78   pY2UxJFJhZFRvb2x
2b90  55 61 58 41 78 42 52 39 6a 64 47 77 77 4d 43 52   UaXAxBR9jdGwwMCR
2ba0  51 63 6d 6c 32 59 58 52 6c 54 32 5a 6d 61 57 4e   Qcml2YXRlT2ZmaWN
2bb0  6c 4d 53 52 70 59 6e 52 53 5a 58 4e 30 62 33 4a   lMSRpYnRSZXN0b3J
2bc0  6c 42 53 4a 6a 64 47 77 77 4d 43 52 45 5a 57 4a   lBSJjdGwwMCREZWJ
2bd0  30 62 33 4a 54 5a 57 46 79 59 32 67 78 4a 47 6c   0b3JTZWFyY2gxJGl
2be0  69 52 47 56 69 64 47 39 79 55 32 56 68 63 6d 4e   iRGVidG9yU2VhcmN
2bf0  6f 42 53 4e 6a 64 47 77 77 4d 43 52 6a 63 47 68   oBSNjdGwwMCRjcGh
2c00  43 62 32 52 35 4a 47 4e 6f 61 31 4e 6c 59 58 4a   Cb2R5JGNoa1NlYXJ
2c10  6a 61 45 5a 76 63 6b 52 76 59 33 56 74 5a 57 35   jaEZvckRvY3VtZW5
2c20  30 63 77 55 63 59 33 52 73 4d 44 41 6b 59 33 42   0cwUcY3RsMDAkY3B
2c30  6f 51 6d 39 6b 65 53 52 69 64 47 35 55 63 6d 46   oQm9keSRidG5UcmF
2c40  6b 5a 56 4e 6c 59 58 4a 6a 61 41 55 59 59 33 52   kZVNlYXJjaAUYY3R
2c50  73 4d 44 41 6b 59 33 42 6f 51 6d 39 6b 65 53 52   sMDAkY3BoQm9keSR
2c60  70 59 6c 4e 79 62 30 4e 73 5a 57 46 79 42 52 6c   pYlNyb0NsZWFyBRl
2c70  6a 64 47 77 77 4d 43 52 6a 63 47 68 43 62 32 52   jdGwwMCRjcGhCb2R
2c80  35 4a 47 64 32 56 48 4a 68 5a 47 56 4d 61 58 4e   5JGd2VHJhZGVMaXN
2c90  30 44 7a 77 72 41 41 77 42 43 41 49 79 5a 41 38   0DzwrAAwBCAIyZA8
2ca0  6f 6b 53 6c 4c 72 71 4b 66 74 67 34 4b 70 7a 66   okSlLrqKftg4Kpzf
2cb0  65 7a 4a 76 61 78 54 76 37 6c 6a 32 67 54 32 37   ezJvaxTv7lj2gT27
2cc0  37 6e 31 63 6a 45 61 54 25 32 46 26 5f 5f 50 52   7n1cjEaT%2F&__PR
2cd0  45 56 49 4f 55 53 50 41 47 45 3d 70 42 67 62 77   EVIOUSPAGE=pBgbw
2ce0  4e 51 38 4a 33 39 50 72 57 35 48 32 7a 57 46 7a   NQ8J39PrW5H2zWFz
2cf0  72 49 78 4b 77 34 66 71 4c 69 6f 6d 32 72 38 50   rIxKw4fqLiom2r8P
2d00  53 4d 63 61 6f 41 41 74 47 45 30 33 53 55 49 76   SMcaoAAtGE03SUIv
2d10  4f 43 6c 4e 6b 44 5a 33 77 47 4a 58 4b 64 61 49   OClNkDZ3wGJXKdaI
2d20  59 55 5f 70 4a 5f 5f 43 50 63 50 4f 58 77 6d 67   YU_pJ__CPcPOXwmg
2d30  41 35 6c 70 6a 79 70 4f 41 2d 43 6b 6f 62 69 42   A5lpjypOA-CkobiB
2d40  4c 76 4e 6b 59 30 31 26 5f 5f 45 56 45 4e 54 56   LvNkY01&__EVENTV
2d50  41 4c 49 44 41 54 49 4f 4e 3d 25 32 46 77 45 57   ALIDATION=%2FwEW
2d60  6a 67 45 43 39 37 54 70 33 67 63 43 68 34 62 53   jgEC97Tp3gcCh4bS
2d70  74 51 51 43 30 64 62 30 25 32 42 77 55 43 6c 4d   tQQC0db0%2BwUClM
2d80  37 7a 74 67 4d 43 74 71 53 53 73 51 51 43 6c 64   7ztgMCtqSSsQQCld
2d90  71 42 6b 41 55 43 71 65 44 57 31 77 63 43 72 74   qBkAUCqeDW1wcCrt
2da0  4b 52 6c 51 30 43 25 32 46 63 50 6b 7a 67 45 43   KRlQ0C%2FcPkzgEC
2db0  6b 36 50 38 6f 41 30 43 39 61 48 56 38 51 67 43   k6P8oA0C9aHV8QgC
2dc0  25 32 46 4d 37 54 6e 77 51 43 37 63 36 50 6e 41   %2FM7TnwQC7c6PnA
2dd0  51 43 25 32 42 73 37 25 32 46 6e 77 51 43 25 32   QC%2Bs7%2FnwQC%2
2de0  42 73 36 25 32 46 6e 41 51 43 25 32 42 73 36 7a   Bs6%2FnAQC%2Bs6z
2df0  6e 41 51 43 25 32 42 73 36 33 6e 41 51 43 37 63   nAQC%2Bs63nAQC7c
2e00  36 25 32 46 6e 41 51 43 25 32 42 73 36 50 6e 41   6%2FnAQC%2Bs6PnA
2e10  51 43 25 32 42 73 36 44 6e 41 51 43 37 63 36 7a   QC%2Bs6DnAQC7c6z
2e20  6e 41 51 43 25 32 42 73 36 62 6e 41 51 43 25 32   nAQC%2Bs6bnAQC%2
2e30  42 73 37 66 6e 77 51 43 25 32 42 73 37 54 6e 77   Bs7fnwQC%2Bs7Tnw
2e40  51 43 25 32 42 38 36 25 32 46 6e 41 51 43 37 63   QC%2B86%2FnAQC7c
2e50  36 33 6e 41 51 43 34 73 37 54 6e 77 51 43 73 62   63nAQC4s7TnwQCsb
2e60  62 25 32 42 76 67 30 43 25 32 42 38 36 50 6e 41   b%2Bvg0C%2B86PnA
2e70  51 43 25 32 42 38 36 48 6e 41 51 43 25 32 42 38   QC%2B86HnAQC%2B8
2e80  36 44 6e 41 51 43 37 63 36 4c 6e 41 51 43 25 32   6DnAQC7c6LnAQC%2
2e90  42 38 36 62 6e 41 51 43 37 63 36 44 6e 41 51 43   B86bnAQC7c6DnAQC
2ea0  25 32 42 38 37 54 6e 77 51 43 25 32 42 4d 36 25   %2B87TnwQC%2BM6%
2eb0  32 46 6e 41 51 43 34 73 36 7a 6e 41 51 43 37 63   2FnAQC4s6znAQC7c
2ec0  36 48 6e 41 51 43 25 32 42 4d 36 33 6e 41 51 43   6HnAQC%2BM63nAQC
2ed0  25 32 42 4d 36 4c 6e 41 51 43 37 63 36 62 6e 41   %2BM6LnAQC7c6bnA
2ee0  51 43 25 32 42 4d 36 50 6e 41 51 43 25 32 42 4d   QC%2BM6PnAQC%2BM
2ef0  37 25 32 46 6e 77 51 43 25 32 42 63 37 25 32 46   7%2FnwQC%2Bc7%2F
2f00  6e 77 51 43 71 36 47 63 6c 51 63 43 25 32 42 4d   nwQCq6GclQcC%2BM
2f10  36 62 6e 41 51 43 25 32 42 4d 37 66 6e 77 51 43   6bnAQC%2BM7fnwQC
2f20  25 32 42 63 36 7a 6e 41 51 43 25 32 42 63 36 33   %2Bc6znAQC%2Bc63
2f30  6e 41 51 43 25 32 42 63 36 50 6e 41 51 43 37 63   nAQC%2Bc6PnAQC7c
2f40  37 66 6e 77 51 43 37 63 37 54 6e 77 51 43 25 32   7fnwQC7c7TnwQC%2
2f50  42 63 36 44 6e 41 51 43 25 32 42 63 36 48 6e 41   Bc6DnAQC%2Bc6HnA
2f60  51 43 25 32 42 63 36 62 6e 41 51 43 33 59 25 32   QC%2Bc6bnAQC3Y%2
2f70  46 59 79 77 4d 43 25 32 42 38 36 33 6e 41 51 43   FYywMC%2B863nAQC
2f80  25 32 42 63 37 54 6e 77 51 43 25 32 46 73 36 25   %2Bc7TnwQC%2Fs6%
2f90  32 46 6e 41 51 43 25 32 46 73 36 33 6e 41 51 43   2FnAQC%2Fs63nAQC
2fa0  25 32 46 73 36 4c 6e 41 51 43 25 32 46 73 36 50   %2Fs6LnAQC%2Fs6P
2fb0  6e 41 51 43 25 32 46 73 36 48 6e 41 51 43 25 32   nAQC%2Fs6HnAQC%2
2fc0  46 73 36 62 6e 41 51 43 25 32 46 73 37 25 32 46   Fs6bnAQC%2Fs7%2F
2fd0  6e 77 51 43 25 32 46 73 37 66 6e 77 51 43 71 71   nwQC%2Fs7fnwQCqq
2fe0  47 63 6c 51 63 43 25 32 46 38 36 25 32 46 6e 41   GclQcC%2F86%2FnA
2ff0  51 43 25 32 46 38 36 7a 6e 41 51 43 25 32 42 4d   QC%2F86znAQC%2BM
3000  36 48 6e 41 51 43 25 32 42 63 36 25 32 46 6e 41   6HnAQC%2Bc6%2FnA
3010  51 43 25 32 46 38 36 4c 6e 41 51 43 25 32 46 38   QC%2F86LnAQC%2F8
3020  36 50 6e 41 51 43 25 32 46 38 36 44 6e 41 51 43   6PnAQC%2F86DnAQC
3030  74 72 62 25 32 42 76 67 30 43 25 32 46 38 36 48   trb%2Bvg0C%2F86H
3040  6e 41 51 43 25 32 46 4d 37 25 32 46 6e 77 51 43   nAQC%2FM7%2FnwQC
3050  25 32 46 38 37 66 6e 77 51 43 34 73 36 33 6e 41   %2F87fnwQC4s63nA
3060  51 43 25 32 42 38 37 66 6e 77 51 43 25 32 46 38   QC%2B87fnwQC%2F8
3070  37 54 6e 77 51 43 34 73 36 4c 6e 41 51 43 25 32   7TnwQC4s6LnAQC%2
3080  46 4d 36 25 32 46 6e 41 51 43 25 32 46 4d 36 7a   FM6%2FnAQC%2FM6z
3090  6e 41 51 43 34 73 36 50 6e 41 51 43 25 32 46 4d   nAQC4s6PnAQC%2FM
30a0  36 4c 6e 41 51 43 37 63 37 25 32 46 6e 77 51 43   6LnAQC7c7%2FnwQC
30b0  34 73 36 44 6e 41 51 43 6a 38 69 7a 69 41 45 43   4s6DnAQCj8iziAEC
30c0  25 32 46 4d 36 44 6e 41 51 43 34 73 36 48 6e 41   %2FM6DnAQC4s6HnA
30d0  51 43 25 32 46 4d 36 48 6e 41 51 43 34 73 36 62   QC%2FM6HnAQC4s6b
30e0  6e 41 51 43 25 32 46 4d 36 62 6e 41 51 43 34 73   nAQC%2FM6bnAQC4s
30f0  37 66 6e 77 51 43 34 50 4c 52 25 32 46 67 77 43   7fnwQC4PLR%2FgwC
3100  25 32 46 4d 37 66 6e 77 51 43 74 62 66 55 34 41   %2FM7fnwQCtbfU4A
3110  77 43 78 35 25 32 42 6b 36 41 63 43 70 39 7a 78   wCx5%2Bk6AcCp9zx
3120  78 41 73 43 79 4f 75 66 66 41 4c 48 68 4c 57 53   xAsCyOuffALHhLWS
3130  44 41 4c 47 68 4c 57 53 44 41 4c 46 68 4c 57 53   DALGhLWSDALFhLWS
3140  44 41 4c 44 68 4c 57 53 44 41 4c 43 68 4c 57 53   DALDhLWSDALChLWS
3150  44 41 4b 4a 7a 38 75 70 43 41 4c 31 6e 63 47 62   DAKJz8upCAL1ncGb
3160  42 41 4c 50 75 34 6e 4e 42 77 4b 4c 38 4f 54 63   BALPu4nNBwKL8OTc
3170  43 51 4b 45 6e 38 36 79 42 51 4b 46 6e 38 36 79   CQKEn86yBQKFn86y
3180  42 51 4b 47 6e 38 36 79 42 51 4b 48 6e 38 36 79   BQKGn86yBQKHn86y
3190  42 51 4b 41 6e 38 36 79 42 51 4b 42 6e 38 36 79   BQKAn86yBQKBn86y
31a0  42 51 4b 63 6e 38 36 79 42 51 4c 77 33 4e 50 39   BQKcn86yBQLw3NP9
31b0  42 51 4b 4e 38 63 4c 32 44 41 4b 6c 70 37 44 50   BQKN8cL2DAKlp7DP
31c0  42 77 4b 35 73 4f 4b 72 43 67 4b 55 37 72 79 70   BwK5sOKrCgKU7ryp
31d0  42 41 4b 38 67 62 37 7a 43 41 4c 5a 34 59 4f 75   BAK8gb7zCALZ4YOu
31e0  41 67 4c 25 32 46 38 5a 4f 36 43 77 4b 31 6d 4c   AgL%2F8ZO6CwK1mL
31f0  50 68 43 67 4c 58 35 65 6d 75 44 41 4b 74 38 59   PhCgLX5emuDAKt8Y
3200  6d 58 44 67 4b 79 32 75 65 44 43 67 4b 4c 7a 35   mXDgKy2ueDCgKLz5
3210  57 67 43 51 4c 39 33 74 7a 55 41 67 4b 25 32 42   WgCQL93tzUAgK%2B
3220  34 50 66 39 42 77 4b 51 25 32 42 50 47 4e 43 41   4Pf9BwKQ%2BPGNCA
3230  4b 51 25 32 42 49 32 4e 43 41 4b 51 25 32 42 4a   KQ%2BI2NCAKQ%2BJ
3240  6d 4e 43 41 4b 51 25 32 42 4a 57 4e 43 41 4b 51   mNCAKQ%2BJWNCAKQ
3250  25 32 42 49 47 4e 43 41 4b 51 25 32 42 4a 32 4e   %2BIGNCAKQ%2BJ2N
3260  43 41 4b 51 25 32 42 4b 6d 4e 43 41 4b 51 25 32   CAKQ%2BKmNCAKQ%2
3270  42 4b 57 4e 43 41 4c 25 32 42 38 73 47 39 43 51   BKWNCAL%2B8sG9CQ
3280  4b 56 32 25 32 42 50 41 44 42 61 37 39 54 6f 66   KV2%2BPADBa79Tof
3290  4d 57 43 51 75 25 32 42 72 31 34 61 51 78 25 32   MWCQu%2Br14aQx%2
32a0  46 4f 64 25 32 42 5a 32 25 32 46 4a 49 64 70 78   FOd%2BZ2%2FJIdpx
32b0  65 41 6c 6d 46 70 77 4c 42 55 77 52 26 63 74 6c   eAlmFpwLBUwR&ctl
32c0  30 30 25 32 34 50 72 69 76 61 74 65 4f 66 66 69   00%24PrivateOffi
32d0  63 65 31 25 32 34 74 62 4c 6f 67 69 6e 3d 26 63   ce1%24tbLogin=&c
32e0  74 6c 30 30 25 32 34 50 72 69 76 61 74 65 4f 66   tl00%24PrivateOf
32f0  66 69 63 65 31 25 32 34 74 62 50 61 73 73 77 6f   fice1%24tbPasswo
3300  72 64 3d 26 63 74 6c 30 30 25 32 34 50 72 69 76   rd=&ctl00%24Priv
3310  61 74 65 4f 66 66 69 63 65 31 25 32 34 74 62 45   ateOffice1%24tbE
3320  6d 61 69 6c 46 6f 72 50 61 73 73 77 6f 72 64 3d   mailForPassword=
3330  26 63 74 6c 30 30 5f 50 72 69 76 61 74 65 4f 66   &ctl00_PrivateOf
3340  66 69 63 65 31 5f 52 61 64 54 6f 6f 6c 54 69 70   fice1_RadToolTip
3350  31 5f 43 6c 69 65 6e 74 53 74 61 74 65 3d 26 63   1_ClientState=&c
3360  74 6c 30 30 25 32 34 44 65 62 74 6f 72 53 65 61   tl00%24DebtorSea
3370  72 63 68 31 25 32 34 69 6e 70 75 74 44 65 62 74   rch1%24inputDebt
3380  6f 72 3d 25 44 30 25 42 46 25 44 30 25 42 45 25   or=%D0%BF%D0%BE%
3390  44 30 25 42 38 25 44 31 25 38 31 25 44 30 25 42   D0%B8%D1%81%D0%B
33a0  41 26 63 74 6c 30 30 25 32 34 4e 65 77 73 31 25   A&ctl00%24News1%
33b0  32 34 68 66 4d 61 78 53 69 7a 65 3d 33 26 63 74   24hfMaxSize=3&ct
33c0  6c 30 30 25 32 34 63 70 68 42 6f 64 79 25 32 34   l00%24cphBody%24
33d0  75 63 52 65 67 69 6f 6e 25 32 34 64 64 6c 42 6f   ucRegion%24ddlBo
33e0  75 6e 64 4c 69 73 74 3d 34 35 26 63 74 6c 30 30   undList=45&ctl00
33f0  25 32 34 63 70 68 42 6f 64 79 25 32 34 6d 64 73   %24cphBody%24mds
3400  54 72 61 64 65 50 6c 61 63 65 25 32 34 74 62 53   TradePlace%24tbS
3410  65 6c 65 63 74 65 64 54 65 78 74 3d 26 63 74 6c   electedText=&ctl
3420  30 30 25 32 34 63 70 68 42 6f 64 79 25 32 34 6d   00%24cphBody%24m
3430  64 73 54 72 61 64 65 50 6c 61 63 65 25 32 34 68   dsTradePlace%24h
3440  66 53 65 6c 65 63 74 65 64 56 61 6c 75 65 3d 26   fSelectedValue=&
3450  63 74 6c 30 30 25 32 34 63 70 68 42 6f 64 79 25   ctl00%24cphBody%
3460  32 34 6d 64 73 54 72 61 64 65 50 6c 61 63 65 25   24mdsTradePlace%
3470  32 34 68 66 53 65 6c 65 63 74 65 64 54 79 70 65   24hfSelectedType
3480  3d 26 63 74 6c 30 30 25 32 34 63 70 68 42 6f 64   =&ctl00%24cphBod
3490  79 25 32 34 75 63 54 72 61 64 65 54 79 70 65 25   y%24ucTradeType%
34a0  32 34 64 64 6c 42 6f 75 6e 64 4c 69 73 74 3d 26   24ddlBoundList=&
34b0  63 74 6c 30 30 25 32 34 63 70 68 42 6f 64 79 25   ctl00%24cphBody%
34c0  32 34 6d 64 73 44 65 62 74 6f 72 25 32 34 74 62   24mdsDebtor%24tb
34d0  53 65 6c 65 63 74 65 64 54 65 78 74 3d 26 63 74   SelectedText=&ct
34e0  6c 30 30 25 32 34 63 70 68 42 6f 64 79 25 32 34   l00%24cphBody%24
34f0  6d 64 73 44 65 62 74 6f 72 25 32 34 68 66 53 65   mdsDebtor%24hfSe
3500  6c 65 63 74 65 64 56 61 6c 75 65 3d 26 63 74 6c   lectedValue=&ctl
3510  30 30 25 32 34 63 70 68 42 6f 64 79 25 32 34 6d   00%24cphBody%24m
3520  64 73 44 65 62 74 6f 72 25 32 34 68 66 53 65 6c   dsDebtor%24hfSel
3530  65 63 74 65 64 54 79 70 65 3d 26 63 74 6c 30 30   ectedType=&ctl00
3540  25 32 34 63 70 68 42 6f 64 79 25 32 34 75 63 54   %24cphBody%24ucT
3550  72 61 64 65 53 74 61 74 75 73 25 32 34 64 64 6c   radeStatus%24ddl
3560  42 6f 75 6e 64 4c 69 73 74 3d 26 63 74 6c 30 30   BoundList=&ctl00
3570  25 32 34 63 70 68 42 6f 64 79 25 32 34 6d 64 73   %24cphBody%24mds
3580  41 72 6d 54 4f 25 32 34 74 62 53 65 6c 65 63 74   ArmTO%24tbSelect
3590  65 64 54 65 78 74 3d 26 63 74 6c 30 30 25 32 34   edText=&ctl00%24
35a0  63 70 68 42 6f 64 79 25 32 34 6d 64 73 41 72 6d   cphBody%24mdsArm
35b0  54 4f 25 32 34 68 66 53 65 6c 65 63 74 65 64 56   TO%24hfSelectedV
35c0  61 6c 75 65 3d 26 63 74 6c 30 30 25 32 34 63 70   alue=&ctl00%24cp
35d0  68 42 6f 64 79 25 32 34 6d 64 73 41 72 6d 54 4f   hBody%24mdsArmTO
35e0  25 32 34 68 66 53 65 6c 65 63 74 65 64 54 79 70   %24hfSelectedTyp
35f0  65 3d 26 63 74 6c 30 30 25 32 34 63 70 68 42 6f   e=&ctl00%24cphBo
3600  64 79 25 32 34 75 63 50 72 6f 70 65 72 74 79 43   dy%24ucPropertyC
3610  61 74 65 67 6f 72 69 65 73 53 65 6c 65 63 74 25   ategoriesSelect%
3620  32 34 74 62 53 65 6c 65 63 74 65 64 54 65 78 74   24tbSelectedText
3630  3d 26 63 74 6c 30 30 25 32 34 63 70 68 42 6f 64   =&ctl00%24cphBod
3640  79 25 32 34 75 63 50 72 6f 70 65 72 74 79 43 61   y%24ucPropertyCa
3650  74 65 67 6f 72 69 65 73 53 65 6c 65 63 74 25 32   tegoriesSelect%2
3660  34 68 66 53 65 6c 65 63 74 65 64 56 61 6c 75 65   4hfSelectedValue
3670  3d 26 63 74 6c 30 30 25 32 34 63 70 68 42 6f 64   =&ctl00%24cphBod
3680  79 25 32 34 75 63 50 72 6f 70 65 72 74 79 43 61   y%24ucPropertyCa
3690  74 65 67 6f 72 69 65 73 53 65 6c 65 63 74 25 32   tegoriesSelect%2
36a0  34 68 66 53 65 6c 65 63 74 65 64 54 79 70 65 3d   4hfSelectedType=
36b0  26 63 74 6c 30 30 25 32 34 63 70 68 42 6f 64 79   &ctl00%24cphBody
36c0  25 32 34 74 62 54 72 61 64 65 4f 62 6a 65 63 74   %24tbTradeObject
36d0  3d 26 63 74 6c 30 30 25 32 34 63 70 68 42 6f 64   =&ctl00%24cphBod
36e0  79 25 32 34 74 78 74 54 72 61 64 65 43 6f 64 65   y%24txtTradeCode
36f0  3d 26 63 74 6c 30 30 25 32 34 63 70 68 42 6f 64   =&ctl00%24cphBod
3700  79 25 32 34 63 6c 64 72 42 65 67 69 6e 44 61 74   y%24cldrBeginDat
3710  65 25 32 34 74 62 53 65 6c 65 63 74 65 64 44 61   e%24tbSelectedDa
3720  74 65 3d 32 32 2e 30 35 2e 32 30 31 34 26 63 74   te=22.05.2014&ct
3730  6c 30 30 25 32 34 63 70 68 42 6f 64 79 25 32 34   l00%24cphBody%24
3740  63 6c 64 72 42 65 67 69 6e 44 61 74 65 25 32 34   cldrBeginDate%24
3750  74 62 53 65 6c 65 63 74 65 64 44 61 74 65 56 61   tbSelectedDateVa
3760  6c 75 65 3d 32 32 2e 30 35 2e 32 30 31 34 26 63   lue=22.05.2014&c
3770  74 6c 30 30 25 32 34 63 70 68 42 6f 64 79 25 32   tl00%24cphBody%2
3780  34 63 6c 64 72 45 6e 64 44 61 74 65 25 32 34 74   4cldrEndDate%24t
3790  62 53 65 6c 65 63 74 65 64 44 61 74 65 3d 32 32   bSelectedDate=22
37a0  2e 30 35 2e 32 30 31 34 26 63 74 6c 30 30 25 32   .05.2014&ctl00%2
37b0  34 63 70 68 42 6f 64 79 25 32 34 63 6c 64 72 45   4cphBody%24cldrE
37c0  6e 64 44 61 74 65 25 32 34 74 62 53 65 6c 65 63   ndDate%24tbSelec
37d0  74 65 64 44 61 74 65 56 61 6c 75 65 3d 32 32 2e   tedDateValue=22.
37e0  30 35 2e 32 30 31 34 26 63 74 6c 30 30 25 32 34   05.2014&ctl00%24
37f0  63 70 68 42 6f 64 79 25 32 34 62 74 6e 54 72 61   cphBody%24btnTra
3800  64 65 53 65 61 72 63 68 2e 78 3d 32 38 26 63 74   deSearch.x=28&ct
3810  6c 30 30 25 32 34 63 70 68 42 6f 64 79 25 32 34   l00%24cphBody%24
3820  62 74 6e 54 72 61 64 65 53 65 61 72 63 68 2e 79   btnTradeSearch.y
3830  3d 31 30                                          =10
