No.     Time           Source                Destination           Protocol Length Info
     42 8.515246000    192.168.0.84          109.68.190.126        HTTP     956    POST /TradeList.aspx HTTP/1.1  (application/x-www-form-urlencoded)

Frame 42: 956 bytes on wire (7648 bits), 956 bytes captured (7648 bits) on interface 0
Ethernet II, Src: Azurewav_54:12:ba (00:15:af:54:12:ba), Dst: D-LinkIn_08:27:c2 (84:c9:b2:08:27:c2)
Internet Protocol Version 4, Src: 192.168.0.84 (192.168.0.84), Dst: 109.68.190.126 (109.68.190.126)
Transmission Control Protocol, Src Port: 49782 (49782), Dst Port: http (80), Seq: 13259, Ack: 1, Len: 890
[12 Reassembled TCP Segments (14148 bytes): #30(921), #31(25), #32(1368), #33(1368), #34(1368), #35(1368), #36(1368), #37(1368), #38(1368), #39(1368), #41(1368), #42(890)]
Hypertext Transfer Protocol
Line-based text data: application/x-www-form-urlencoded

Frame (956 bytes):
0000  84 c9 b2 08 27 c2 00 15 af 54 12 ba 08 00 45 00   ....'....T....E.
0010  03 ae 4a d6 40 00 40 06 ff b4 c0 a8 00 54 6d 44   ..J.@.@......TmD
0020  be 7e c2 76 00 50 69 08 d8 23 a4 ca 9c c4 80 18   .~.v.Pi..#......
0030  00 e5 9b 6c 00 00 01 01 08 0a 04 fb ee b9 12 05   ...l............
0040  8a 58 42 6f 75 6e 64 4c 69 73 74 3d 33 26 63 74   .XBoundList=3&ct
0050  6c 30 30 25 32 34 63 70 68 42 6f 64 79 25 32 34   l00%24cphBody%24
0060  6d 64 73 44 65 62 74 6f 72 25 32 34 74 62 53 65   mdsDebtor%24tbSe
0070  6c 65 63 74 65 64 54 65 78 74 3d 26 63 74 6c 30   lectedText=&ctl0
0080  30 25 32 34 63 70 68 42 6f 64 79 25 32 34 6d 64   0%24cphBody%24md
0090  73 44 65 62 74 6f 72 25 32 34 68 66 53 65 6c 65   sDebtor%24hfSele
00a0  63 74 65 64 56 61 6c 75 65 3d 26 63 74 6c 30 30   ctedValue=&ctl00
00b0  25 32 34 63 70 68 42 6f 64 79 25 32 34 6d 64 73   %24cphBody%24mds
00c0  44 65 62 74 6f 72 25 32 34 68 66 53 65 6c 65 63   Debtor%24hfSelec
00d0  74 65 64 54 79 70 65 3d 26 63 74 6c 30 30 25 32   tedType=&ctl00%2
00e0  34 63 70 68 42 6f 64 79 25 32 34 75 63 54 72 61   4cphBody%24ucTra
00f0  64 65 53 74 61 74 75 73 25 32 34 64 64 6c 42 6f   deStatus%24ddlBo
0100  75 6e 64 4c 69 73 74 3d 26 63 74 6c 30 30 25 32   undList=&ctl00%2
0110  34 63 70 68 42 6f 64 79 25 32 34 6d 64 73 41 72   4cphBody%24mdsAr
0120  6d 54 4f 25 32 34 74 62 53 65 6c 65 63 74 65 64   mTO%24tbSelected
0130  54 65 78 74 3d 26 63 74 6c 30 30 25 32 34 63 70   Text=&ctl00%24cp
0140  68 42 6f 64 79 25 32 34 6d 64 73 41 72 6d 54 4f   hBody%24mdsArmTO
0150  25 32 34 68 66 53 65 6c 65 63 74 65 64 56 61 6c   %24hfSelectedVal
0160  75 65 3d 26 63 74 6c 30 30 25 32 34 63 70 68 42   ue=&ctl00%24cphB
0170  6f 64 79 25 32 34 6d 64 73 41 72 6d 54 4f 25 32   ody%24mdsArmTO%2
0180  34 68 66 53 65 6c 65 63 74 65 64 54 79 70 65 3d   4hfSelectedType=
0190  26 63 74 6c 30 30 25 32 34 63 70 68 42 6f 64 79   &ctl00%24cphBody
01a0  25 32 34 75 63 50 72 6f 70 65 72 74 79 43 61 74   %24ucPropertyCat
01b0  65 67 6f 72 69 65 73 53 65 6c 65 63 74 25 32 34   egoriesSelect%24
01c0  74 62 53 65 6c 65 63 74 65 64 54 65 78 74 3d 26   tbSelectedText=&
01d0  63 74 6c 30 30 25 32 34 63 70 68 42 6f 64 79 25   ctl00%24cphBody%
01e0  32 34 75 63 50 72 6f 70 65 72 74 79 43 61 74 65   24ucPropertyCate
01f0  67 6f 72 69 65 73 53 65 6c 65 63 74 25 32 34 68   goriesSelect%24h
0200  66 53 65 6c 65 63 74 65 64 56 61 6c 75 65 3d 26   fSelectedValue=&
0210  63 74 6c 30 30 25 32 34 63 70 68 42 6f 64 79 25   ctl00%24cphBody%
0220  32 34 75 63 50 72 6f 70 65 72 74 79 43 61 74 65   24ucPropertyCate
0230  67 6f 72 69 65 73 53 65 6c 65 63 74 25 32 34 68   goriesSelect%24h
0240  66 53 65 6c 65 63 74 65 64 54 79 70 65 3d 26 63   fSelectedType=&c
0250  74 6c 30 30 25 32 34 63 70 68 42 6f 64 79 25 32   tl00%24cphBody%2
0260  34 74 62 54 72 61 64 65 4f 62 6a 65 63 74 3d 26   4tbTradeObject=&
0270  63 74 6c 30 30 25 32 34 63 70 68 42 6f 64 79 25   ctl00%24cphBody%
0280  32 34 74 78 74 54 72 61 64 65 43 6f 64 65 3d 26   24txtTradeCode=&
0290  63 74 6c 30 30 25 32 34 63 70 68 42 6f 64 79 25   ctl00%24cphBody%
02a0  32 34 63 6c 64 72 42 65 67 69 6e 44 61 74 65 25   24cldrBeginDate%
02b0  32 34 74 62 53 65 6c 65 63 74 65 64 44 61 74 65   24tbSelectedDate
02c0  3d 32 32 2e 30 35 2e 32 30 31 34 26 63 74 6c 30   =22.05.2014&ctl0
02d0  30 25 32 34 63 70 68 42 6f 64 79 25 32 34 63 6c   0%24cphBody%24cl
02e0  64 72 42 65 67 69 6e 44 61 74 65 25 32 34 74 62   drBeginDate%24tb
02f0  53 65 6c 65 63 74 65 64 44 61 74 65 56 61 6c 75   SelectedDateValu
0300  65 3d 26 63 74 6c 30 30 25 32 34 63 70 68 42 6f   e=&ctl00%24cphBo
0310  64 79 25 32 34 63 6c 64 72 45 6e 64 44 61 74 65   dy%24cldrEndDate
0320  25 32 34 74 62 53 65 6c 65 63 74 65 64 44 61 74   %24tbSelectedDat
0330  65 3d 32 32 2e 30 35 2e 32 30 31 34 26 63 74 6c   e=22.05.2014&ctl
0340  30 30 25 32 34 63 70 68 42 6f 64 79 25 32 34 63   00%24cphBody%24c
0350  6c 64 72 45 6e 64 44 61 74 65 25 32 34 74 62 53   ldrEndDate%24tbS
0360  65 6c 65 63 74 65 64 44 61 74 65 56 61 6c 75 65   electedDateValue
0370  3d 26 63 74 6c 30 30 25 32 34 63 70 68 42 6f 64   =&ctl00%24cphBod
0380  79 25 32 34 62 74 6e 54 72 61 64 65 53 65 61 72   y%24btnTradeSear
0390  63 68 2e 78 3d 34 34 26 63 74 6c 30 30 25 32 34   ch.x=44&ctl00%24
03a0  63 70 68 42 6f 64 79 25 32 34 62 74 6e 54 72 61   cphBody%24btnTra
03b0  64 65 53 65 61 72 63 68 2e 79 3d 37               deSearch.y=7
Reassembled TCP (14148 bytes):
0000  50 4f 53 54 20 2f 54 72 61 64 65 4c 69 73 74 2e   POST /TradeList.
0010  61 73 70 78 20 48 54 54 50 2f 31 2e 31 0d 0a 48   aspx HTTP/1.1..H
0020  6f 73 74 3a 20 62 61 6e 6b 72 6f 74 2e 66 65 64   ost: bankrot.fed
0030  72 65 73 75 72 73 2e 72 75 0d 0a 43 6f 6e 6e 65   resurs.ru..Conne
0040  63 74 69 6f 6e 3a 20 6b 65 65 70 2d 61 6c 69 76   ction: keep-aliv
0050  65 0d 0a 55 73 65 72 2d 41 67 65 6e 74 3a 20 4d   e..User-Agent: M
0060  6f 7a 69 6c 6c 61 2f 35 2e 30 20 28 58 31 31 3b   ozilla/5.0 (X11;
0070  20 4c 69 6e 75 78 20 78 38 36 5f 36 34 29 20 41    Linux x86_64) A
0080  70 70 6c 65 57 65 62 4b 69 74 2f 35 33 37 2e 32   ppleWebKit/537.2
0090  31 20 28 4b 48 54 4d 4c 2c 20 6c 69 6b 65 20 47   1 (KHTML, like G
00a0  65 63 6b 6f 29 20 72 65 6b 6f 6e 71 2f 32 2e 34   ecko) rekonq/2.4
00b0  2e 32 20 53 61 66 61 72 69 2f 35 33 37 2e 32 31   .2 Safari/537.21
00c0  0d 0a 52 65 66 65 72 65 72 3a 20 68 74 74 70 3a   ..Referer: http:
00d0  2f 2f 62 61 6e 6b 72 6f 74 2e 66 65 64 72 65 73   //bankrot.fedres
00e0  75 72 73 2e 72 75 2f 54 72 61 64 65 4c 69 73 74   urs.ru/TradeList
00f0  2e 61 73 70 78 0d 0a 50 72 61 67 6d 61 3a 20 6e   .aspx..Pragma: n
0100  6f 2d 63 61 63 68 65 0d 0a 43 61 63 68 65 2d 63   o-cache..Cache-c
0110  6f 6e 74 72 6f 6c 3a 20 6e 6f 2d 63 61 63 68 65   ontrol: no-cache
0120  0d 0a 41 63 63 65 70 74 3a 20 74 65 78 74 2f 68   ..Accept: text/h
0130  74 6d 6c 2c 61 70 70 6c 69 63 61 74 69 6f 6e 2f   tml,application/
0140  78 68 74 6d 6c 2b 78 6d 6c 2c 61 70 70 6c 69 63   xhtml+xml,applic
0150  61 74 69 6f 6e 2f 78 6d 6c 3b 71 3d 30 2e 39 2c   ation/xml;q=0.9,
0160  2a 2f 2a 3b 71 3d 30 2e 38 0d 0a 41 63 63 65 70   */*;q=0.8..Accep
0170  74 2d 45 6e 63 6f 64 69 6e 67 3a 20 67 7a 69 70   t-Encoding: gzip
0180  2c 20 64 65 66 6c 61 74 65 2c 20 78 2d 67 7a 69   , deflate, x-gzi
0190  70 2c 20 78 2d 64 65 66 6c 61 74 65 0d 0a 41 63   p, x-deflate..Ac
01a0  63 65 70 74 2d 43 68 61 72 73 65 74 3a 20 75 74   cept-Charset: ut
01b0  66 2d 38 2c 2a 3b 71 3d 30 2e 35 0d 0a 41 63 63   f-8,*;q=0.5..Acc
01c0  65 70 74 2d 4c 61 6e 67 75 61 67 65 3a 20 65 6e   ept-Language: en
01d0  2d 55 53 2c 20 65 6e 2d 55 53 3b 20 71 3d 30 2e   -US, en-US; q=0.
01e0  38 2c 20 65 6e 3b 20 71 3d 30 2e 36 0d 0a 43 6f   8, en; q=0.6..Co
01f0  6f 6b 69 65 3a 20 41 53 50 2e 4e 45 54 5f 53 65   okie: ASP.NET_Se
0200  73 73 69 6f 6e 49 64 3d 67 35 77 31 6a 77 35 69   ssionId=g5w1jw5i
0210  33 67 73 6d 62 79 72 78 75 73 7a 67 6b 6d 74 6e   3gsmbyrxuszgkmtn
0220  3b 20 54 72 61 64 65 3d 52 65 67 69 6f 6e 3d 26   ; Trade=Region=&
0230  53 74 61 74 75 73 3d 26 54 79 70 65 3d 26 54 72   Status=&Type=&Tr
0240  61 64 65 4f 62 6a 65 63 74 3d 26 54 72 61 64 65   adeObject=&Trade
0250  43 6f 64 65 3d 26 54 72 61 64 65 50 6c 61 63 65   Code=&TradePlace
0260  49 64 3d 26 54 72 61 64 65 50 6c 61 63 65 4e 61   Id=&TradePlaceNa
0270  6d 65 3d 26 44 65 62 74 6f 72 54 65 78 74 3d 26   me=&DebtorText=&
0280  44 65 62 74 6f 72 49 64 3d 26 44 65 62 74 6f 72   DebtorId=&Debtor
0290  54 79 70 65 3d 26 50 72 6f 70 65 72 74 79 43 61   Type=&PropertyCa
02a0  74 65 67 6f 72 69 65 73 54 65 78 74 3d 26 50 72   tegoriesText=&Pr
02b0  6f 70 65 72 74 79 43 61 74 65 67 6f 72 69 65 73   opertyCategories
02c0  56 61 6c 75 65 3d 26 50 72 6f 70 65 72 74 79 43   Value=&PropertyC
02d0  61 74 65 67 6f 72 69 65 73 54 79 70 65 3d 26 41   ategoriesType=&A
02e0  72 6d 54 4f 54 65 78 74 3d 26 41 72 6d 54 4f 54   rmTOText=&ArmTOT
02f0  79 70 65 3d 26 41 72 6d 54 4f 49 64 3d 26 50 61   ype=&ArmTOId=&Pa
0300  67 65 4e 75 6d 62 65 72 3d 30 26 44 61 74 65 45   geNumber=0&DateE
0310  6e 64 56 61 6c 75 65 3d 26 44 61 74 65 42 65 67   ndValue=&DateBeg
0320  69 6e 56 61 6c 75 65 3d 26 53 65 61 72 63 68 46   inValue=&SearchF
0330  6f 72 44 6f 63 75 6d 65 6e 74 73 3d 46 61 6c 73   orDocuments=Fals
0340  65 0d 0a 4f 72 69 67 69 6e 3a 20 68 74 74 70 3a   e..Origin: http:
0350  2f 2f 62 61 6e 6b 72 6f 74 2e 66 65 64 72 65 73   //bankrot.fedres
0360  75 72 73 2e 72 75 0d 0a 43 6f 6e 74 65 6e 74 2d   urs.ru..Content-
0370  54 79 70 65 3a 20 61 70 70 6c 69 63 61 74 69 6f   Type: applicatio
0380  6e 2f 78 2d 77 77 77 2d 66 6f 72 6d 2d 75 72 6c   n/x-www-form-url
0390  65 6e 63 6f 64 65 64 0d 0a 43 6f 6e 74 65 6e 74   encoded..Content
03a0  2d 4c 65 6e 67 74 68 3a 20 31 33 32 30 32 0d 0a   -Length: 13202..
03b0  0d 0a 5f 5f 56 49 45 57 53 54 41 54 45 3d 25 32   ..__VIEWSTATE=%2
03c0  46 77 45 50 44 77 55 4b 4d 54 41 31 4e 7a 51 33   FwEPDwUKMTA1NzQ3
03d0  4e 44 45 32 4d 41 39 6b 46 67 4a 6d 44 32 51 57   NDE2MA9kFgJmD2QW
03e0  41 67 49 42 44 32 51 57 44 41 49 44 44 32 51 57   AgIBD2QWDAIDD2QW
03f0  41 67 49 47 44 77 38 57 41 68 34 58 52 57 35 68   AgIGDw8WAh4XRW5h
0400  59 6d 78 6c 51 57 70 68 65 46 4e 72 61 57 35 53   YmxlQWpheFNraW5S
0410  5a 57 35 6b 5a 58 4a 70 62 6d 64 6f 5a 47 51 43   ZW5kZXJpbmdoZGQC
0420  42 77 38 50 46 67 49 65 43 30 35 68 64 6d 6c 6e   Bw8PFgIeC05hdmln
0430  59 58 52 6c 56 58 4a 73 42 52 5a 25 32 42 4c 31   YXRlVXJsBRZ%2BL1
0440  4e 31 59 6e 4e 6a 63 6d 6c 69 5a 58 4a 4d 62 32   N1YnNjcmliZXJMb2
0450  64 70 62 69 35 68 63 33 42 34 5a 47 51 43 43 67   dpbi5hc3B4ZGQCCg
0460  38 50 46 67 49 66 41 51 55 6b 61 48 52 30 63 44   8PFgIfAQUkaHR0cD
0470  6f 76 4c 33 64 33 64 79 35 6d 5a 57 52 79 5a 58   ovL3d3dy5mZWRyZX
0480  4e 31 63 6e 4d 75 63 6e 55 76 52 47 56 6d 59 58   N1cnMucnUvRGVmYX
0490  56 73 64 43 35 68 63 33 42 34 5a 47 51 43 46 41   VsdC5hc3B4ZGQCFA
04a0  39 6b 46 67 52 6d 44 78 59 43 48 67 74 66 49 55   9kFgRmDxYCHgtfIU
04b0  6c 30 5a 57 31 44 62 33 56 75 64 41 49 44 46 67   l0ZW1Db3VudAIDFg
04c0  5a 6d 44 32 51 57 42 47 59 50 46 51 45 4b 4d 54   ZmD2QWBGYPFQEKMT
04d0  55 75 4d 44 55 75 4d 6a 41 78 4e 47 51 43 41 51   UuMDUuMjAxNGQCAQ
04e0  38 56 41 67 4d 32 4d 54 66 32 41 64 43 65 30 4c   8VAgM2MTf2AdCe0L
04f0  25 32 46 52 67 39 43 78 30 4c 76 51 75 4e 43 36   %2FRg9Cx0LvQuNC6
0500  30 4c 37 51 73 74 43 77 30 4c 30 67 30 4c 25 32   0L7QstCw0L0g0L%2
0510  46 52 67 4e 43 25 32 42 30 59 4c 51 76 74 43 36   FRgNC%2B0YLQvtC6
0520  30 4c 37 51 75 79 44 51 74 39 43 77 30 59 48 51   0L7QuyDQt9Cw0YHQ
0530  74 64 43 30 30 4c 44 51 76 64 43 34 30 59 38 67   tdC00LDQvdC40Y8g
0540  30 4a 72 51 76 74 43 38 30 4c 6a 52 67 64 47 42   0JrQvtC80LjRgdGB
0550  30 4c 6a 51 75 43 44 51 76 39 43 25 32 42 49 4e   0LjQuCDQv9C%2BIN
0560  43 25 32 46 30 4c 37 51 74 4e 47 43 30 4c 4c 51   C%2F0L7QtNGC0LLQ
0570  74 64 47 41 30 4c 62 51 74 4e 43 31 30 4c 33 51   tdGA0LbQtNC10L3Q
0580  75 4e 47 4f 49 4e 47 42 30 4c 37 51 76 74 47 43   uNGOINGB0L7QvtGC
0590  30 4c 4c 51 74 64 47 43 30 59 48 52 67 74 43 79   0LLQtdGC0YHRgtCy
05a0  30 4c 6a 52 6a 79 44 52 6a 64 43 37 30 4c 58 51   0LjRjyDRjdC70LXQ
05b0  75 74 47 43 30 59 44 51 76 74 43 39 30 4c 33 52   utGC0YDQvtC90L3R
05c0  69 39 47 46 49 4e 43 25 32 46 30 4c 76 51 76 74   i9GFINC%2F0LvQvt
05d0  47 4a 30 4c 44 51 74 4e 43 25 32 42 30 4c 6f 67   GJ0LDQtNC%2B0Log
05e0  30 59 50 52 67 64 47 43 30 4c 44 51 76 64 43 25   0YPRgdGC0LDQvdC%
05f0  32 42 30 4c 4c 51 75 39 43 31 30 4c 33 51 76 64   2B0LLQu9C10L3Qvd
0600  47 4c 30 4c 77 67 30 4b 4c 52 67 4e 43 31 30 4c   GL0Lwg0KLRgNC10L
0610  48 51 76 74 43 79 30 4c 44 51 76 64 43 34 30 59   HQvtCy0LDQvdC40Y
0620  25 32 46 51 76 43 44 51 76 74 47 43 49 44 45 7a   %2FQvCDQvtGCIDEz
0630  49 4e 43 38 30 4c 44 52 6a 79 41 79 4d 44 45 30   INC80LDRjyAyMDE0
0640  49 4e 43 7a 4c 6d 51 43 41 51 39 6b 46 67 52 6d   INCzLmQCAQ9kFgRm
0650  44 78 55 42 43 6a 45 7a 4c 6a 41 31 4c 6a 49 77   DxUBCjEzLjA1LjIw
0660  4d 54 52 6b 41 67 45 50 46 51 49 44 4e 6a 45 32   MTRkAgEPFQIDNjE2
0670  69 41 48 51 6c 4e 43 77 30 4c 6e 51 74 4e 43 32   iAHQlNCw0LnQtNC2
0680  30 4c 58 52 67 64 47 43 49 4e 43 39 30 4c 37 51   0LXRgdGCINC90L7Q
0690  73 74 43 25 32 42 30 59 48 52 67 74 43 31 30 4c   stC%2B0YHRgtC10L
06a0  6b 67 30 4c 25 32 46 52 67 4e 43 77 30 4c 4c 51   kg0L%2FRgNCw0LLQ
06b0  76 74 43 79 30 4c 37 51 73 39 43 25 32 42 49 4e   vtCy0L7Qs9C%2BIN
06c0  47 41 30 4c 58 51 73 39 47 44 30 4c 76 51 75 4e   GA0LXQs9GD0LvQuN
06d0  47 41 30 4c 37 51 73 74 43 77 30 4c 33 51 75 4e   GA0L7QstCw0L3QuN
06e0  47 50 49 4e 43 78 30 4c 44 51 76 64 43 36 30 59   GPINCx0LDQvdC60Y
06f0  44 51 76 74 47 43 30 59 48 52 67 74 43 79 30 4c   DQvtGC0YHRgtCy0L
0700  41 73 49 4e 43 38 30 4c 44 52 67 4e 47 43 49 43   AsINC80LDRgNGCIC
0710  30 67 30 4c 44 51 76 39 47 41 30 4c 58 51 75 39   0g0LDQv9GA0LXQu9
0720  47 4d 49 44 49 77 4d 54 51 67 30 4c 4d 75 5a 41   GMIDIwMTQg0LMuZA
0730  49 43 44 32 51 57 42 47 59 50 46 51 45 4b 4d 44   ICD2QWBGYPFQEKMD
0740  67 75 4d 44 55 75 4d 6a 41 78 4e 47 51 43 41 51   guMDUuMjAxNGQCAQ
0750  38 56 41 67 4d 32 4d 54 57 31 41 64 43 65 49 4e   8VAgM2MTW1AdCeIN
0760  43 33 30 4c 44 52 67 64 43 31 30 4c 54 51 73 4e   C30LDRgdC10LTQsN
0770  43 39 30 4c 6a 51 75 43 44 51 6d 74 43 25 32 42   C90LjQuCDQmtC%2B
0780  30 4c 7a 51 75 4e 47 42 30 59 48 51 75 4e 43 34   0LzQuNGB0YHQuNC4
0790  49 4e 43 25 32 46 30 4c 34 67 30 4c 25 32 46 51   INC%2F0L4g0L%2FQ
07a0  76 74 43 30 30 59 4c 51 73 74 43 31 30 59 44 51   vtC00YLQstC10YDQ
07b0  74 74 43 30 30 4c 58 51 76 64 43 34 30 59 34 67   ttC00LXQvdC40Y4g
07c0  30 59 48 51 76 74 43 25 32 42 30 59 4c 51 73 74   0YHQvtC%2B0YLQst
07d0  43 31 30 59 4c 52 67 64 47 43 30 4c 4c 51 75 4e   C10YLRgdGC0LLQuN
07e0  47 50 49 4e 43 74 30 4b 4c 51 6e 79 44 51 75 43   GPINCt0KLQnyDQuC
07f0  44 51 76 74 43 25 32 46 30 4c 58 52 67 4e 43 77   DQvtC%2F0LXRgNCw
0800  30 59 4c 51 76 74 47 41 30 4c 41 67 30 4b 33 51   0YLQvtGA0LAg0K3Q
0810  6f 74 43 66 49 4e 47 44 30 59 48 52 67 74 43 77   otCfINGD0YHRgtCw
0820  30 4c 33 51 76 74 43 79 30 4c 76 51 74 64 43 39   0L3QvtCy0LvQtdC9
0830  30 4c 33 52 69 39 43 38 49 4e 43 69 30 59 44 51   0L3Ri9C8INCi0YDQ
0840  74 64 43 78 30 4c 37 51 73 74 43 77 30 4c 33 51   tdCx0L7QstCw0L3Q
0850  75 4e 47 50 30 4c 78 6b 41 67 45 50 44 32 51 50   uNGP0LxkAgEPD2QP
0860  45 42 59 42 5a 68 59 42 46 67 49 65 44 6c 42 68   EBYBZhYBFgIeDlBh
0870  63 6d 46 74 5a 58 52 6c 63 6c 5a 68 62 48 56 6c   cmFtZXRlclZhbHVl
0880  42 51 45 7a 46 67 46 6d 5a 47 51 43 46 51 39 6b   BQEzFgFmZGQCFQ9k
0890  46 67 49 43 41 51 38 57 41 68 38 43 41 67 63 57   FgICAQ8WAh8CAgcW
08a0  44 6d 59 50 5a 42 59 43 5a 67 38 56 41 68 56 6f   DmYPZBYCZg8VAhVo
08b0  64 48 52 77 4f 69 38 76 61 32 46 6b 4c 6d 46 79   dHRwOi8va2FkLmFy
08c0  59 6d 6c 30 63 69 35 79 64 53 38 65 30 4a 72 51   Yml0ci5ydS8e0JrQ
08d0  73 4e 47 41 30 59 4c 51 76 74 47 43 30 4c 58 51   sNGA0YLQvtGC0LXQ
08e0  75 74 43 77 49 4e 43 53 30 4a 44 51 6f 53 44 51   utCwINCS0JDQoSDQ
08f0  6f 4e 43 6b 5a 41 49 42 44 32 51 57 41 6d 59 50   oNCkZAIBD2QWAmYP
0900  46 51 4a 41 61 48 52 30 63 44 6f 76 4c 33 64 33   FQJAaHR0cDovL3d3
0910  64 79 35 6c 59 32 39 75 62 32 31 35 4c 6d 64 76   dy5lY29ub215Lmdv
0920  64 69 35 79 64 53 39 74 61 57 35 6c 59 79 39 68   di5ydS9taW5lYy9h
0930  59 33 52 70 64 6d 6c 30 65 53 39 7a 5a 57 4e 30   Y3Rpdml0eS9zZWN0
0940  61 57 39 75 63 79 39 44 62 33 4a 77 54 57 46 75   aW9ucy9Db3JwTWFu
0950  59 57 64 74 5a 57 35 30 4c 79 25 32 46 51 6e 4e   YWdtZW50Ly%2FQnN
0960  43 34 30 4c 33 52 6a 64 43 36 30 4c 37 51 76 64   C40L3RjdC60L7Qvd
0970  43 25 32 42 30 4c 7a 52 67 4e 43 77 30 4c 66 51   C%2B0LzRgNCw0LfQ
0980  73 74 43 34 30 59 4c 51 75 4e 47 50 49 4e 43 67   stC40YLQuNGPINCg
0990  30 4c 37 52 67 64 47 42 30 4c 6a 51 75 47 51 43   0L7RgdGB0LjQuGQC
09a0  41 67 39 6b 46 67 4a 6d 44 78 55 43 46 57 68 30   Ag9kFgJmDxUCFWh0
09b0  64 48 41 36 4c 79 39 6c 5a 33 4a 31 62 43 35 75   dHA6Ly9lZ3J1bC5u
09c0  59 57 78 76 5a 79 35 79 64 52 62 51 6c 64 43 54   YWxvZy5ydRbQldCT
09d0  30 4b 44 51 72 74 43 62 49 4e 43 6b 30 4a 33 51   0KDQrtCbINCk0J3Q
09e0  6f 53 44 51 6f 4e 43 6b 5a 41 49 44 44 32 51 57   oSDQoNCkZAIDD2QW
09f0  41 6d 59 50 46 51 49 74 49 47 68 30 64 48 41 36   AmYPFQItIGh0dHA6
0a00  4c 79 39 30 5a 58 4e 30 4c 57 4a 68 62 6d 74 79   Ly90ZXN0LWJhbmty
0a10  62 33 51 75 61 57 35 30 5a 58 4a 6d 59 58 67 75   b3QuaW50ZXJmYXgu
0a20  63 6e 55 76 5a 47 56 6d 59 58 56 73 64 43 35 68   cnUvZGVmYXVsdC5h
0a30  63 33 42 34 4b 4e 43 69 30 4c 58 52 67 64 47 43   c3B4KNCi0LXRgdGC
0a40  30 4c 37 51 73 74 43 77 30 59 38 67 30 4c 4c 51   0L7QstCw0Y8g0LLQ
0a50  74 64 47 41 30 59 48 51 75 4e 47 50 49 4e 43 56   tdGA0YHQuNGPINCV
0a60  30 4b 54 51 6f 4e 43 68 30 4a 46 6b 41 67 51 50   0KTQoNCh0JFkAgQP
0a70  5a 42 59 43 5a 67 38 56 41 68 35 6f 64 48 52 77   ZBYCZg8VAh5odHRw
0a80  4f 69 38 76 64 47 56 7a 64 43 31 6d 59 57 4e 30   Oi8vdGVzdC1mYWN0
0a90  63 79 35 70 62 6e 52 6c 63 6d 5a 68 65 43 35 79   cy5pbnRlcmZheC5y
0aa0  64 53 38 73 30 4b 4c 51 74 64 47 42 30 59 4c 51   dS8s0KLQtdGB0YLQ
0ab0  76 74 43 79 30 4c 44 52 6a 79 44 51 73 74 43 31   vtCy0LDRjyDQstC1
0ac0  30 59 44 52 67 64 43 34 30 59 38 67 30 4a 58 51   0YDRgdC40Y8g0JXQ
0ad0  70 4e 43 67 30 4b 48 51 6c 4e 43 75 30 4a 74 6b   pNCg0KHQlNCu0Jtk
0ae0  41 67 55 50 5a 42 59 43 5a 67 38 56 41 69 55 67   AgUPZBYCZg8VAiUg
0af0  49 47 68 30 64 48 41 36 4c 79 39 6d 62 33 4a 31   IGh0dHA6Ly9mb3J1
0b00  62 53 31 6d 5a 57 52 79 5a 58 4e 31 63 6e 4d 75   bS1mZWRyZXN1cnMu
0b10  61 57 35 30 5a 58 4a 6d 59 58 67 75 63 6e 55 76   aW50ZXJmYXgucnUv
0b20  4d 74 43 6b 30 4c 37 52 67 4e 47 44 30 4c 77 67   MtCk0L7RgNGD0Lwg
0b30  30 4b 54 51 74 64 43 30 30 4c 58 52 67 4e 43 77   0KTQtdC00LXRgNCw
0b40  30 4c 76 52 6a 4e 43 39 30 59 76 52 68 53 44 52   0LvRjNC90YvRhSDR
0b50  67 4e 43 31 30 4c 58 52 67 64 47 43 30 59 44 51   gNC10LXRgdGC0YDQ
0b60  76 74 43 79 5a 41 49 47 44 32 51 57 41 6d 59 50   vtCyZAIGD2QWAmYP
0b70  46 51 49 75 61 48 52 30 63 44 6f 76 4c 32 4a 68   FQIuaHR0cDovL2Jh
0b80  62 6d 74 79 62 33 51 75 5a 6d 56 6b 63 6d 56 7a   bmtyb3QuZmVkcmVz
0b90  64 58 4a 7a 4c 6e 4a 31 4c 30 68 6c 62 48 41 76   dXJzLnJ1L0hlbHAv
0ba0  52 6b 46 52 58 30 56 47 55 6c 4e 43 4c 6e 42 6b   RkFRX0VGUlNCLnBk
0bb0  5a 6a 54 51 70 39 43 77 30 59 48 52 67 74 43 25   ZjTQp9Cw0YHRgtC%
0bc0  32 42 49 4e 43 33 30 4c 44 51 74 4e 43 77 30 4c   2BINC30LDQtNCw0L
0bd0  4c 51 73 4e 43 31 30 4c 7a 52 69 39 43 31 49 4e   LQsNC10LzRi9C1IN
0be0  43 79 30 4c 37 51 76 39 47 41 30 4c 37 52 67 64   Cy0L7Qv9GA0L7Rgd
0bf0  47 4c 49 43 68 47 51 56 45 70 5a 41 49 58 44 32   GLIChGQVEpZAIXD2
0c00  51 57 42 47 59 50 5a 42 59 43 5a 67 39 6b 46 67   QWBGYPZBYCZg9kFg
0c10  49 43 41 51 39 6b 46 68 49 43 41 51 39 6b 46 67   ICAQ9kFhICAQ9kFg
0c20  4a 6d 44 78 41 50 46 67 49 65 43 31 38 68 52 47   JmDxAPFgIeC18hRG
0c30  46 30 59 55 4a 76 64 57 35 6b 5a 32 51 51 46 56   F0YUJvdW5kZ2QQFV
0c40  63 41 49 39 43 51 30 4c 54 52 69 39 43 7a 30 4c   cAI9CQ0LTRi9Cz0L
0c50  58 52 6a 79 41 6f 30 59 44 51 74 64 47 42 30 4c   XRjyAo0YDQtdGB0L
0c60  25 32 46 52 67 39 43 78 30 4c 76 51 75 4e 43 36   %2FRg9Cx0LvQuNC6
0c70  30 4c 41 70 49 64 43 51 30 4c 76 52 67 74 43 77   0LApIdCQ0LvRgtCw
0c80  30 4c 6b 67 4b 4e 47 41 30 4c 58 52 67 64 43 25   0LkgKNGA0LXRgdC%
0c90  32 46 30 59 50 51 73 64 43 37 30 4c 6a 51 75 74   2F0YPQsdC70LjQut
0ca0  43 77 4b 52 76 51 6b 4e 43 37 30 59 4c 51 73 4e   CwKRvQkNC70YLQsN
0cb0  43 35 30 59 48 51 75 74 43 34 30 4c 6b 67 30 4c   C50YHQutC40Lkg0L
0cc0  72 52 67 4e 43 77 30 4c 6b 66 30 4a 44 51 76 4e   rRgNCw0Lkf0JDQvN
0cd0  47 44 30 59 44 52 67 64 43 36 30 4c 44 52 6a 79   GD0YDRgdC60LDRjy
0ce0  44 51 76 74 43 78 30 4c 76 51 73 4e 47 42 30 59   DQvtCx0LvQsNGB0Y
0cf0  4c 52 6a 43 6e 51 6b 4e 47 41 30 59 58 51 73 4e   LRjCnQkNGA0YXQsN
0d00  43 39 30 4c 50 51 74 64 43 37 30 59 7a 52 67 64   C90LPQtdC70YzRgd
0d10  43 36 30 4c 44 52 6a 79 44 51 76 74 43 78 30 4c   C60LDRjyDQvtCx0L
0d20  76 51 73 4e 47 42 30 59 4c 52 6a 43 66 51 6b 4e   vQsNGB0YLRjCfQkN
0d30  47 42 30 59 4c 52 67 4e 43 77 30 59 58 51 73 4e   GB0YLRgNCw0YXQsN
0d40  43 39 30 59 48 51 75 74 43 77 30 59 38 67 30 4c   C90YHQutCw0Y8g0L
0d50  37 51 73 64 43 37 30 4c 44 52 67 64 47 43 30 59   7QsdC70LDRgdGC0Y
0d60  77 76 30 4a 48 51 73 4e 47 49 30 4c 72 51 76 74   wv0JHQsNGI0LrQvt
0d70  47 41 30 59 4c 51 76 74 47 42 30 59 4c 51 73 4e   GA0YLQvtGB0YLQsN
0d80  43 39 49 43 6a 52 67 4e 43 31 30 59 48 51 76 39   C9ICjRgNC10YHQv9
0d90  47 44 30 4c 48 51 75 39 43 34 30 4c 72 51 73 43   GD0LHQu9C40LrQsC
0da0  6b 6e 30 4a 48 51 74 64 43 37 30 4c 50 51 76 74   kn0JHQtdC70LPQvt
0db0  47 41 30 4c 37 51 74 4e 47 42 30 4c 72 51 73 4e   GA0L7QtNGB0LrQsN
0dc0  47 50 49 4e 43 25 32 42 30 4c 48 51 75 39 43 77   GPINC%2B0LHQu9Cw
0dd0  30 59 48 52 67 74 47 4d 48 39 43 52 30 59 44 52   0YHRgtGMH9CR0YDR
0de0  6a 39 43 39 30 59 48 51 75 74 43 77 30 59 38 67   j9C90YHQutCw0Y8g
0df0  30 4c 37 51 73 64 43 37 30 4c 44 52 67 64 47 43   0L7QsdC70LDRgdGC
0e00  30 59 77 6d 30 4a 48 52 67 39 47 41 30 59 25 32   0Ywm0JHRg9GA0Y%2
0e10  46 52 67 74 43 34 30 59 38 67 49 43 6a 52 67 4e   FRgtC40Y8gICjRgN
0e20  43 31 30 59 48 51 76 39 47 44 30 4c 48 51 75 39   C10YHQv9GD0LHQu9
0e30  43 34 30 4c 72 51 73 43 6b 6e 30 4a 4c 51 75 39   C40LrQsCkn0JLQu9
0e40  43 77 30 4c 54 51 75 4e 43 38 30 4c 6a 52 67 4e   Cw0LTQuNC80LjRgN
0e50  47 42 30 4c 72 51 73 4e 47 50 49 4e 43 25 32 42   GB0LrQsNGPINC%2B
0e60  30 4c 48 51 75 39 43 77 30 59 48 52 67 74 47 4d   0LHQu9Cw0YHRgtGM
0e70  4b 64 43 53 30 4c 37 51 75 39 43 7a 30 4c 37 51   KdCS0L7Qu9Cz0L7Q
0e80  73 39 47 41 30 4c 44 51 74 4e 47 42 30 4c 72 51   s9GA0LDQtNGB0LrQ
0e90  73 4e 47 50 49 4e 43 25 32 42 30 4c 48 51 75 39   sNGPINC%2B0LHQu9
0ea0  43 77 30 59 48 52 67 74 47 4d 4a 64 43 53 30 4c   Cw0YHRgtGMJdCS0L
0eb0  37 51 75 39 43 25 32 42 30 4c 50 51 76 74 43 30   7Qu9C%2B0LPQvtC0
0ec0  30 59 48 51 75 74 43 77 30 59 38 67 30 4c 37 51   0YHQutCw0Y8g0L7Q
0ed0  73 64 43 37 30 4c 44 52 67 64 47 43 30 59 77 6c   sdC70LDRgdGC0Ywl
0ee0  30 4a 4c 51 76 74 47 41 30 4c 37 51 76 64 43 31   0JLQvtGA0L7QvdC1
0ef0  30 4c 62 52 67 64 43 36 30 4c 44 52 6a 79 44 51   0LbRgdC60LDRjyDQ
0f00  76 74 43 78 30 4c 76 51 73 4e 47 42 30 59 4c 52   vtCx0LvQsNGB0YLR
0f10  6a 43 6a 51 6c 4e 43 77 30 4c 50 51 74 64 47 42   jCjQlNCw0LPQtdGB
0f20  30 59 4c 51 73 4e 43 39 49 43 41 6f 30 59 44 51   0YLQsNC9ICAo0YDQ
0f30  74 64 47 42 30 4c 25 32 46 52 67 39 43 78 30 4c   tdGB0L%2FRg9Cx0L
0f40  76 51 75 4e 43 36 30 4c 41 70 46 39 43 56 30 4c   vQuNC60LApF9CV0L
0f50  4c 52 67 4e 43 31 30 4c 6e 52 67 64 43 36 30 4c   LRgNC10LnRgdC60L
0f60  44 52 6a 79 44 51 6b 4e 43 65 49 39 43 58 30 4c   DRjyDQkNCeI9CX0L
0f70  44 51 73 64 43 77 30 4c 6e 51 75 74 43 77 30 4c   DQsdCw0LnQutCw0L
0f80  76 52 6a 4e 47 42 30 4c 72 51 75 4e 43 35 49 4e   vRjNGB0LrQuNC5IN
0f90  43 36 30 59 44 51 73 4e 43 35 49 39 43 59 30 4c   C60YDQsNC5I9CY0L
0fa0  4c 51 73 4e 43 39 30 4c 37 51 73 74 47 42 30 4c   LQsNC90L7QstGB0L
0fb0  72 51 73 4e 47 50 49 4e 43 25 32 42 30 4c 48 51   rQsNGPINC%2B0LHQ
0fc0  75 39 43 77 30 59 48 52 67 74 47 4d 4b 64 43 59   u9Cw0YHRgtGMKdCY
0fd0  30 4c 33 51 73 39 47 44 30 59 6a 51 74 64 47 43   0L3Qs9GD0YjQtdGC
0fe0  30 4c 6a 52 6a 79 41 6f 30 59 44 51 74 64 47 42   0LjRjyAo0YDQtdGB
0ff0  30 4c 25 32 46 52 67 39 43 78 30 4c 76 51 75 4e   0L%2FRg9Cx0LvQuN
1000  43 36 30 4c 41 70 49 64 43 59 30 59 44 51 75 74   C60LApIdCY0YDQut
1010  47 44 30 59 4c 52 67 64 43 36 30 4c 44 52 6a 79   GD0YLRgdC60LDRjy
1020  44 51 76 74 43 78 30 4c 76 51 73 4e 47 42 30 59   DQvtCx0LvQsNGB0Y
1030  4c 52 6a 44 7a 51 6d 74 43 77 30 4c 48 51 73 4e   LRjDzQmtCw0LHQsN
1040  47 41 30 4c 54 51 75 4e 43 39 30 4c 34 74 30 4a   GA0LTQuNC90L4t0J
1050  48 51 73 4e 43 37 30 4c 72 51 73 4e 47 41 30 59   HQsNC70LrQsNGA0Y
1060  48 51 75 74 43 77 30 59 38 67 30 59 44 51 74 64   HQutCw0Y8g0YDQtd
1070  47 42 30 4c 25 32 46 52 67 39 43 78 30 4c 76 51   GB0L%2FRg9Cx0LvQ
1080  75 4e 43 36 30 4c 41 74 30 4a 72 51 73 4e 43 37   uNC60LAt0JrQsNC7
1090  30 4c 6a 51 76 64 43 34 30 4c 33 51 73 39 47 41   0LjQvdC40L3Qs9GA
10a0  30 4c 44 51 74 4e 47 42 30 4c 72 51 73 4e 47 50   0LDQtNGB0LrQsNGP
10b0  49 4e 43 25 32 42 30 4c 48 51 75 39 43 77 30 59   INC%2B0LHQu9Cw0Y
10c0  48 52 67 74 47 4d 4a 39 43 61 30 4c 44 51 75 39   HRgtGMJ9Ca0LDQu9
10d0  43 38 30 59 76 51 75 74 43 34 30 59 38 67 4b 4e   C80YvQutC40Y8gKN
10e0  47 41 30 4c 58 52 67 64 43 25 32 46 30 59 50 51   GA0LXRgdC%2F0YPQ
10f0  73 64 43 37 30 4c 6a 51 75 74 43 77 4b 53 48 51   sdC70LjQutCwKSHQ
1100  6d 74 43 77 30 4c 76 52 67 39 43 32 30 59 48 51   mtCw0LvRg9C20YHQ
1110  75 74 43 77 30 59 38 67 30 4c 37 51 73 64 43 37   utCw0Y8g0L7QsdC7
1120  30 4c 44 52 67 64 47 43 30 59 77 64 30 4a 72 51   0LDRgdGC0Ywd0JrQ
1130  73 4e 43 38 30 59 66 51 73 4e 47 43 30 59 48 51   sNC80YfQsNGC0YHQ
1140  75 74 43 34 30 4c 6b 67 30 4c 72 52 67 4e 43 77   utC40Lkg0LrRgNCw
1150  30 4c 6b 38 30 4a 72 51 73 4e 47 41 30 4c 44 52   0Lk80JrQsNGA0LDR
1160  68 39 43 77 30 4c 58 51 73 74 43 25 32 42 4c 64   h9Cw0LXQstC%2BLd
1170  43 6e 30 4c 58 52 67 4e 43 36 30 4c 58 52 67 64   Cn0LXRgNC60LXRgd
1180  47 42 30 4c 72 51 73 4e 47 50 49 4e 47 41 30 4c   GB0LrQsNGPINGA0L
1190  58 52 67 64 43 25 32 46 30 59 50 51 73 64 43 37   XRgdC%2F0YPQsdC7
11a0  30 4c 6a 51 75 74 43 77 4a 74 43 61 30 4c 44 52   0LjQutCwJtCa0LDR
11b0  67 4e 43 31 30 4c 76 51 75 4e 47 50 49 43 41 6f   gNC10LvQuNGPICAo
11c0  30 59 44 51 74 64 47 42 30 4c 25 32 46 52 67 39   0YDQtdGB0L%2FRg9
11d0  43 78 30 4c 76 51 75 4e 43 36 30 4c 41 70 4a 64   Cx0LvQuNC60LApJd
11e0  43 61 30 4c 58 51 76 4e 43 31 30 59 44 51 76 74   Ca0LXQvNC10YDQvt
11f0  43 79 30 59 48 51 75 74 43 77 30 59 38 67 30 4c   Cy0YHQutCw0Y8g0L
1200  37 51 73 64 43 37 30 4c 44 52 67 64 47 43 30 59   7QsdC70LDRgdGC0Y
1210  77 68 30 4a 72 51 75 4e 47 41 30 4c 37 51 73 74   wh0JrQuNGA0L7Qst
1220  47 42 30 4c 72 51 73 4e 47 50 49 4e 43 25 32 42   GB0LrQsNGPINC%2B
1230  30 4c 48 51 75 39 43 77 30 59 48 52 67 74 47 4d   0LHQu9Cw0YHRgtGM
1240  49 4e 43 61 30 4c 37 51 76 4e 43 34 49 43 41 6f   INCa0L7QvNC4ICAo
1250  30 59 44 51 74 64 47 42 30 4c 25 32 46 52 67 39   0YDQtdGB0L%2FRg9
1260  43 78 30 4c 76 51 75 4e 43 36 30 4c 41 70 4a 64   Cx0LvQuNC60LApJd
1270  43 61 30 4c 37 52 67 64 47 43 30 59 44 51 76 74   Ca0L7RgdGC0YDQvt
1280  43 38 30 59 48 51 75 74 43 77 30 59 38 67 30 4c   C80YHQutCw0Y8g0L
1290  37 51 73 64 43 37 30 4c 44 52 67 64 47 43 30 59   7QsdC70LDRgdGC0Y
12a0  77 6a 30 4a 72 52 67 4e 43 77 30 59 48 51 76 64   wj0JrRgNCw0YHQvd
12b0  43 25 32 42 30 4c 54 51 73 4e 47 41 30 59 48 51   C%2B0LTQsNGA0YHQ
12c0  75 74 43 34 30 4c 6b 67 30 4c 72 52 67 4e 43 77   utC40Lkg0LrRgNCw
12d0  30 4c 6b 68 30 4a 72 52 67 4e 43 77 30 59 48 51   0Lkh0JrRgNCw0YHQ
12e0  76 64 43 25 32 42 30 59 25 32 46 52 67 4e 47 42   vdC%2B0Y%2FRgNGB
12f0  30 4c 72 51 75 4e 43 35 49 4e 43 36 30 59 44 51   0LrQuNC5INC60YDQ
1300  73 4e 43 35 48 39 43 61 30 59 44 52 69 39 43 38   sNC5H9Ca0YDRi9C8
1310  49 43 6a 52 67 4e 43 31 30 59 48 51 76 39 47 44   ICjRgNC10YHQv9GD
1320  30 4c 48 51 75 39 43 34 30 4c 72 51 73 43 6b 6a   0LHQu9C40LrQsCkj
1330  30 4a 72 52 67 39 47 41 30 4c 50 51 73 4e 43 39   0JrRg9GA0LPQsNC9
1340  30 59 48 51 75 74 43 77 30 59 38 67 30 4c 37 51   0YHQutCw0Y8g0L7Q
1350  73 64 43 37 30 4c 44 52 67 64 47 43 30 59 77 64   sdC70LDRgdGC0Ywd
1360  30 4a 72 52 67 39 47 41 30 59 48 51 75 74 43 77   0JrRg9GA0YHQutCw
1370  30 59 38 67 30 4c 37 51 73 64 43 37 30 4c 44 52   0Y8g0L7QsdC70LDR
1380  67 64 47 43 30 59 77 70 30 4a 76 51 74 64 43 39   gdGC0Ywp0JvQtdC9
1390  30 4c 6a 51 76 64 43 7a 30 59 44 51 73 4e 43 30   0LjQvdCz0YDQsNC0
13a0  30 59 48 51 75 74 43 77 30 59 38 67 30 4c 37 51   0YHQutCw0Y8g0L7Q
13b0  73 64 43 37 30 4c 44 52 67 64 47 43 30 59 77 66   sdC70LDRgdGC0Ywf
13c0  30 4a 76 51 75 4e 43 25 32 46 30 4c 58 52 68 74   0JvQuNC%2F0LXRht
13d0  43 36 30 4c 44 52 6a 79 44 51 76 74 43 78 30 4c   C60LDRjyDQvtCx0L
13e0  76 51 73 4e 47 42 30 59 4c 52 6a 43 58 51 6e 4e   vQsNGB0YLRjCXQnN
13f0  43 77 30 4c 50 51 73 4e 43 30 30 4c 44 51 76 64   Cw0LPQsNC00LDQvd
1400  47 42 30 4c 72 51 73 4e 47 50 49 4e 43 25 32 42   GB0LrQsNGPINC%2B
1410  30 4c 48 51 75 39 43 77 30 59 48 52 67 74 47 4d   0LHQu9Cw0YHRgtGM
1420  4a 39 43 63 30 4c 44 52 67 4e 43 34 30 4c 6b 74   J9Cc0LDRgNC40Lkt
1430  30 59 33 51 75 79 41 67 4b 4e 47 41 30 4c 58 52   0Y3QuyAgKNGA0LXR
1440  67 64 43 25 32 46 30 59 50 51 73 64 43 37 30 4c   gdC%2F0YPQsdC70L
1450  6a 51 75 74 43 77 4b 53 6a 51 6e 4e 43 25 32 42   jQutCwKSjQnNC%2B
1460  30 59 44 51 74 4e 43 25 32 42 30 4c 4c 51 75 4e   0YDQtNC%2B0LLQuN
1470  47 50 49 43 41 6f 30 59 44 51 74 64 47 42 30 4c   GPICAo0YDQtdGB0L
1480  25 32 46 52 67 39 43 78 30 4c 76 51 75 4e 43 36   %2FRg9Cx0LvQuNC6
1490  30 4c 41 70 44 4e 43 63 30 4c 37 52 67 64 43 36   0LApDNCc0L7RgdC6
14a0  30 4c 4c 51 73 43 50 51 6e 4e 43 25 32 42 30 59   0LLQsCPQnNC%2B0Y
14b0  48 51 75 74 43 25 32 42 30 4c 4c 52 67 64 43 36   HQutC%2B0LLRgdC6
14c0  30 4c 44 52 6a 79 44 51 76 74 43 78 30 4c 76 51   0LDRjyDQvtCx0LvQ
14d0  73 4e 47 42 30 59 4c 52 6a 43 50 51 6e 4e 47 44   sNGB0YLRjCPQnNGD
14e0  30 59 44 51 76 4e 43 77 30 4c 33 52 67 64 43 36   0YDQvNCw0L3RgdC6
14f0  30 4c 44 52 6a 79 44 51 76 74 43 78 30 4c 76 51   0LDRjyDQvtCx0LvQ
1500  73 4e 47 42 30 59 4c 52 6a 44 44 51 6e 64 43 31   sNGB0YLRjDDQndC1
1510  30 4c 33 51 74 64 47 47 30 4c 72 51 75 4e 43 35   0L3QtdGG0LrQuNC5
1520  49 4e 43 77 30 4c 4c 52 67 74 43 25 32 42 30 4c   INCw0LLRgtC%2B0L
1530  33 51 76 74 43 38 30 4c 33 52 69 39 43 35 49 4e   3QvtC80L3Ri9C5IN
1540  43 25 32 42 30 4c 72 52 67 4e 47 44 30 4c 4d 70   C%2B0LrRgNGD0LMp
1550  30 4a 33 51 75 4e 43 32 30 4c 58 51 73 39 43 25   0J3QuNC20LXQs9C%
1560  32 42 30 59 44 51 76 74 43 30 30 59 48 51 75 74   2B0YDQvtC00YHQut
1570  43 77 30 59 38 67 30 4c 37 51 73 64 43 37 30 4c   Cw0Y8g0L7QsdC70L
1580  44 52 67 64 47 43 30 59 77 6e 30 4a 33 51 76 74   DRgdGC0Ywn0J3Qvt
1590  43 79 30 4c 50 51 76 74 47 41 30 4c 37 51 74 4e   Cy0LPQvtGA0L7QtN
15a0  47 42 30 4c 72 51 73 4e 47 50 49 4e 43 25 32 42   GB0LrQsNGPINC%2B
15b0  30 4c 48 51 75 39 43 77 30 59 48 52 67 74 47 4d   0LHQu9Cw0YHRgtGM
15c0  4b 64 43 64 30 4c 37 51 73 74 43 25 32 42 30 59   KdCd0L7QstC%2B0Y
15d0  48 51 75 4e 43 78 30 4c 6a 52 67 4e 47 42 30 4c   HQuNCx0LjRgNGB0L
15e0  72 51 73 4e 47 50 49 4e 43 25 32 42 30 4c 48 51   rQsNGPINC%2B0LHQ
15f0  75 39 43 77 30 59 48 52 67 74 47 4d 47 39 43 65   u9Cw0YHRgtGMG9Ce
1600  30 4c 7a 52 67 64 43 36 30 4c 44 52 6a 79 44 51   0LzRgdC60LDRjyDQ
1610  76 74 43 78 30 4c 76 51 73 4e 47 42 30 59 4c 52   vtCx0LvQsNGB0YLR
1620  6a 43 66 51 6e 74 47 41 30 4c 58 51 76 64 43 78   jCfQntGA0LXQvdCx
1630  30 59 50 52 67 4e 43 7a 30 59 48 51 75 74 43 77   0YPRgNCz0YHQutCw
1640  30 59 38 67 30 4c 37 51 73 64 43 37 30 4c 44 52   0Y8g0L7QsdC70LDR
1650  67 64 47 43 30 59 77 68 30 4a 37 52 67 4e 43 37   gdGC0Ywh0J7RgNC7
1660  30 4c 37 51 73 74 47 42 30 4c 72 51 73 4e 47 50   0L7QstGB0LrQsNGP
1670  49 4e 43 25 32 42 30 4c 48 51 75 39 43 77 30 59   INC%2B0LHQu9Cw0Y
1680  48 52 67 74 47 4d 49 39 43 66 30 4c 58 51 76 64   HRgtGMI9Cf0LXQvd
1690  43 33 30 4c 58 51 76 64 47 42 30 4c 72 51 73 4e   C30LXQvdGB0LrQsN
16a0  47 50 49 4e 43 25 32 42 30 4c 48 51 75 39 43 77   GPINC%2B0LHQu9Cw
16b0  30 59 48 52 67 74 47 4d 47 64 43 66 30 4c 58 52   0YHRgtGMGdCf0LXR
16c0  67 4e 43 38 30 59 48 51 75 74 43 34 30 4c 6b 67   gNC80YHQutC40Lkg
16d0  30 4c 72 52 67 4e 43 77 30 4c 6b 64 30 4a 25 32   0LrRgNCw0Lkd0J%2
16e0  46 52 67 4e 43 34 30 4c 7a 51 76 74 47 41 30 59   FRgNC40LzQvtGA0Y
16f0  48 51 75 74 43 34 30 4c 6b 67 30 4c 72 52 67 4e   HQutC40Lkg0LrRgN
1700  43 77 30 4c 6b 68 30 4a 25 32 46 52 67 64 43 36   Cw0Lkh0J%2FRgdC6
1710  30 4c 37 51 73 74 47 42 30 4c 72 51 73 4e 47 50   0L7QstGB0LrQsNGP
1720  49 4e 43 25 32 42 30 4c 48 51 75 39 43 77 30 59   INC%2B0LHQu9Cw0Y
1730  48 52 67 74 47 4d 50 39 43 67 30 4c 58 52 67 64   HRgtGMP9Cg0LXRgd
1740  43 25 32 46 30 59 50 51 73 64 43 37 30 4c 6a 51   C%2F0YPQsdC70LjQ
1750  75 74 43 77 49 4e 43 68 30 4c 58 51 73 74 43 31   utCwINCh0LXQstC1
1760  30 59 44 51 76 64 43 77 30 59 38 67 30 4a 37 52   0YDQvdCw0Y8g0J7R
1770  67 64 43 31 30 59 4c 51 75 4e 47 50 4c 64 43 51   gdC10YLQuNGPLdCQ
1780  30 4c 76 51 73 4e 43 39 30 4c 6a 52 6a 79 50 51   0LvQsNC90LjRjyPQ
1790  6f 4e 43 25 32 42 30 59 48 52 67 74 43 25 32 42   oNC%2B0YHRgtC%2B
17a0  30 4c 4c 52 67 64 43 36 30 4c 44 52 6a 79 44 51   0LLRgdC60LDRjyDQ
17b0  76 74 43 78 30 4c 76 51 73 4e 47 42 30 59 4c 52   vtCx0LvQsNGB0YLR
17c0  6a 43 48 51 6f 4e 47 50 30 4c 66 51 73 4e 43 39   jCHQoNGP0LfQsNC9
17d0  30 59 48 51 75 74 43 77 30 59 38 67 30 4c 37 51   0YHQutCw0Y8g0L7Q
17e0  73 64 43 37 30 4c 44 52 67 64 47 43 30 59 77 68   sdC70LDRgdGC0Ywh
17f0  30 4b 48 51 73 4e 43 38 30 4c 44 52 67 4e 47 42   0KHQsNC80LDRgNGB
1800  30 4c 72 51 73 4e 47 50 49 4e 43 25 32 42 30 4c   0LrQsNGPINC%2B0L
1810  48 51 75 39 43 77 30 59 48 52 67 74 47 4d 48 64   HQu9Cw0YHRgtGMHd
1820  43 68 30 4c 44 51 76 64 43 36 30 59 49 74 30 4a   Ch0LDQvdC60YIt0J
1830  25 32 46 51 74 64 47 43 30 4c 58 52 67 4e 43 78   %2FQtdGC0LXRgNCx
1840  30 59 50 52 67 4e 43 7a 4a 64 43 68 30 4c 44 52   0YPRgNCzJdCh0LDR
1850  67 4e 43 77 30 59 4c 51 76 74 43 79 30 59 48 51   gNCw0YLQvtCy0YHQ
1860  75 74 43 77 30 59 38 67 30 4c 37 51 73 64 43 37   utCw0Y8g0L7QsdC7
1870  30 4c 44 52 67 64 47 43 30 59 77 6c 30 4b 48 51   0LDRgdGC0Ywl0KHQ
1880  73 4e 47 46 30 4c 44 51 75 39 43 34 30 4c 33 52   sNGF0LDQu9C40L3R
1890  67 64 43 36 30 4c 44 52 6a 79 44 51 76 74 43 78   gdC60LDRjyDQvtCx
18a0  30 4c 76 51 73 4e 47 42 30 59 4c 52 6a 43 66 51   0LvQsNGB0YLRjCfQ
18b0  6f 64 43 79 30 4c 58 52 67 4e 43 30 30 4c 76 51   odCy0LXRgNC00LvQ
18c0  76 74 43 79 30 59 48 51 75 74 43 77 30 59 38 67   vtCy0YHQutCw0Y8g
18d0  30 4c 37 51 73 64 43 37 30 4c 44 52 67 64 47 43   0L7QsdC70LDRgdGC
18e0  30 59 77 57 30 4b 48 51 74 64 43 79 30 4c 44 52   0YwW0KHQtdCy0LDR
18f0  67 64 47 43 30 4c 37 51 76 39 43 25 32 42 30 4c   gdGC0L7Qv9C%2B0L
1900  76 52 6a 43 50 51 6f 64 43 38 30 4c 37 51 75 39   vRjCPQodC80L7Qu9
1910  43 31 30 4c 33 52 67 64 43 36 30 4c 44 52 6a 79   C10L3RgdC60LDRjy
1920  44 51 76 74 43 78 30 4c 76 51 73 4e 47 42 30 59   DQvtCx0LvQsNGB0Y
1930  4c 52 6a 43 58 51 6f 64 47 43 30 4c 44 51 73 74   LRjCXQodGC0LDQst
1940  47 41 30 4c 37 51 76 39 43 25 32 42 30 4c 76 52   GA0L7Qv9C%2B0LvR
1950  6a 4e 47 42 30 4c 72 51 75 4e 43 35 49 4e 43 36   jNGB0LrQuNC5INC6
1960  30 59 44 51 73 4e 43 35 49 39 43 69 30 4c 44 51   0YDQsNC5I9Ci0LDQ
1970  76 4e 43 78 30 4c 37 51 73 74 47 42 30 4c 72 51   vNCx0L7QstGB0LrQ
1980  73 4e 47 50 49 4e 43 25 32 42 30 4c 48 51 75 39   sNGPINC%2B0LHQu9
1990  43 77 30 59 48 52 67 74 47 4d 4b 74 43 69 30 4c   Cw0YHRgtGMKtCi0L
19a0  44 52 67 74 43 77 30 59 44 52 67 64 47 43 30 4c   DRgtCw0YDRgdGC0L
19b0  44 51 76 53 41 67 4b 4e 47 41 30 4c 58 52 67 64   DQvSAgKNGA0LXRgd
19c0  43 25 32 46 30 59 50 51 73 64 43 37 30 4c 6a 51   C%2F0YPQsdC70LjQ
19d0  75 74 43 77 4b 52 25 32 46 51 6f 74 43 79 30 4c   utCwKR%2FQotCy0L
19e0  58 52 67 4e 47 42 30 4c 72 51 73 4e 47 50 49 4e   XRgNGB0LrQsNGPIN
19f0  43 25 32 42 30 4c 48 51 75 39 43 77 30 59 48 52   C%2B0LHQu9Cw0YHR
1a00  67 74 47 4d 48 64 43 69 30 4c 37 51 76 4e 47 42   gtGMHdCi0L7QvNGB
1a10  30 4c 72 51 73 4e 47 50 49 4e 43 25 32 42 30 4c   0LrQsNGPINC%2B0L
1a20  48 51 75 39 43 77 30 59 48 52 67 74 47 4d 49 4e   HQu9Cw0YHRgtGMIN
1a30  43 69 30 59 50 51 73 74 43 77 49 43 41 6f 30 59   Ci0YPQstCwICAo0Y
1a40  44 51 74 64 47 42 30 4c 25 32 46 52 67 39 43 78   DQtdGB0L%2FRg9Cx
1a50  30 4c 76 51 75 4e 43 36 30 4c 41 70 48 39 43 69   0LvQuNC60LApH9Ci
1a60  30 59 50 51 75 39 47 4d 30 59 48 51 75 74 43 77   0YPQu9GM0YHQutCw
1a70  30 59 38 67 30 4c 37 51 73 64 43 37 30 4c 44 52   0Y8g0L7QsdC70LDR
1a80  67 64 47 43 30 59 77 68 30 4b 4c 52 6a 74 43 38   gdGC0Ywh0KLRjtC8
1a90  30 4c 58 51 76 64 47 42 30 4c 72 51 73 4e 47 50   0LXQvdGB0LrQsNGP
1aa0  49 4e 43 25 32 42 30 4c 48 51 75 39 43 77 30 59   INC%2B0LHQu9Cw0Y
1ab0  48 52 67 74 47 4d 4b 64 43 6a 30 4c 54 51 76 4e   HRgtGMKdCj0LTQvN
1ac0  47 44 30 59 44 52 67 74 47 42 30 4c 72 51 73 4e   GD0YDRgtGB0LrQsN
1ad0  47 50 49 4e 43 67 30 4c 58 52 67 64 43 25 32 46   GPINCg0LXRgdC%2F
1ae0  30 59 50 51 73 64 43 37 30 4c 6a 51 75 74 43 77   0YPQsdC70LjQutCw
1af0  4a 64 43 6a 30 4c 76 52 6a 4e 47 50 30 4c 33 51   JdCj0LvRjNGP0L3Q
1b00  76 74 43 79 30 59 48 51 75 74 43 77 30 59 38 67   vtCy0YHQutCw0Y8g
1b10  30 4c 37 51 73 64 43 37 30 4c 44 52 67 64 47 43   0L7QsdC70LDRgdGC
1b20  30 59 77 66 30 4b 58 51 73 4e 43 78 30 4c 44 52   0Ywf0KXQsNCx0LDR
1b30  67 4e 43 25 32 42 30 4c 4c 52 67 64 43 36 30 4c   gNC%2B0LLRgdC60L
1b40  6a 51 75 53 44 51 75 74 47 41 30 4c 44 51 75 53   jQuSDQutGA0LDQuS
1b50  62 51 70 64 43 77 30 4c 72 51 73 4e 47 42 30 4c   bQpdCw0LrQsNGB0L
1b60  6a 52 6a 79 41 67 4b 4e 47 41 30 4c 58 52 67 64   jRjyAgKNGA0LXRgd
1b70  43 25 32 46 30 59 50 51 73 64 43 37 30 4c 6a 51   C%2F0YPQsdC70LjQ
1b80  75 74 43 77 4b 54 25 32 46 51 70 64 43 77 30 4c   utCwKT%2FQpdCw0L
1b90  33 52 67 74 47 4c 4c 64 43 63 30 4c 44 51 76 64   3RgtGLLdCc0LDQvd
1ba0  47 42 30 4c 6a 51 75 64 47 42 30 4c 72 51 75 4e   GB0LjQudGB0LrQuN
1bb0  43 35 49 4e 43 77 30 4c 4c 52 67 74 43 25 32 42   C5INCw0LLRgtC%2B
1bc0  30 4c 33 51 76 74 43 38 30 4c 33 52 69 39 43 35   0L3QvtC80L3Ri9C5
1bd0  49 4e 43 25 32 42 30 4c 72 52 67 4e 47 44 30 4c   INC%2B0LrRgNGD0L
1be0  4d 6c 30 4b 66 51 74 64 43 37 30 59 25 32 46 51   Ml0KfQtdC70Y%2FQ
1bf0  73 64 43 34 30 4c 33 52 67 64 43 36 30 4c 44 52   sdC40L3RgdC60LDR
1c00  6a 79 44 51 76 74 43 78 30 4c 76 51 73 4e 47 42   jyDQvtCx0LvQsNGB
1c10  30 59 4c 52 6a 43 66 51 70 39 43 31 30 59 66 51   0YLRjCfQp9C10YfQ
1c20  74 64 43 39 30 59 48 51 75 74 43 77 30 59 38 67   tdC90YHQutCw0Y8g
1c30  30 4b 44 51 74 64 47 42 30 4c 25 32 46 52 67 39   0KDQtdGB0L%2FRg9
1c40  43 78 30 4c 76 51 75 4e 43 36 30 4c 41 68 30 4b   Cx0LvQuNC60LAh0K
1c50  66 51 75 4e 47 43 30 4c 6a 51 76 64 47 42 30 4c   fQuNGC0LjQvdGB0L
1c60  72 51 73 4e 47 50 49 4e 43 25 32 42 30 4c 48 51   rQsNGPINC%2B0LHQ
1c70  75 39 43 77 30 59 48 52 67 74 47 4d 4a 39 43 6e   u9Cw0YHRgtGMJ9Cn
1c80  30 59 50 51 73 74 43 77 30 59 6a 52 67 64 43 36   0YPQstCw0YjRgdC6
1c90  30 4c 44 52 6a 79 44 52 67 4e 43 31 30 59 48 51   0LDRjyDRgNC10YHQ
1ca0  76 39 47 44 30 4c 48 51 75 39 43 34 30 4c 72 51   v9GD0LHQu9C40LrQ
1cb0  73 42 66 51 70 39 47 44 30 4c 72 51 76 74 47 43   sBfQp9GD0LrQvtGC
1cc0  30 59 48 51 75 74 43 34 30 4c 6b 67 30 4a 44 51   0YHQutC40Lkg0JDQ
1cd0  6e 69 33 51 72 39 43 36 30 59 50 52 67 74 43 34   ni3Qr9C60YPRgtC4
1ce0  30 59 38 74 30 4b 48 51 73 4e 47 46 30 4c 41 67   0Y8t0KHQsNGF0LAg
1cf0  49 43 6a 52 67 4e 43 31 30 59 48 51 76 39 47 44   ICjRgNC10YHQv9GD
1d00  30 4c 48 51 75 39 43 34 30 4c 72 51 73 43 6b 37   0LHQu9C40LrQsCk7
1d10  30 4b 25 32 46 51 76 4e 43 77 30 4c 76 51 76 69   0K%2FQvNCw0LvQvi
1d20  33 51 6e 64 43 31 30 4c 33 51 74 64 47 47 30 4c   3QndC10L3QtdGG0L
1d30  72 51 75 4e 43 35 49 4e 43 77 30 4c 4c 52 67 74   rQuNC5INCw0LLRgt
1d40  43 25 32 42 30 4c 33 51 76 74 43 38 30 4c 33 52   C%2B0L3QvtC80L3R
1d50  69 39 43 35 49 4e 43 25 32 42 30 4c 72 52 67 4e   i9C5INC%2B0LrRgN
1d60  47 44 30 4c 4d 6c 30 4b 25 32 46 52 67 4e 43 25   GD0LMl0K%2FRgNC%
1d70  32 42 30 59 48 51 75 39 43 77 30 4c 4c 52 67 64   2B0YHQu9Cw0LLRgd
1d80  43 36 30 4c 44 52 6a 79 44 51 76 74 43 78 30 4c   C60LDRjyDQvtCx0L
1d90  76 51 73 4e 47 42 30 59 4c 52 6a 42 56 58 41 41   vQsNGB0YLRjBVXAA
1da0  49 33 4f 51 49 34 4e 41 45 78 41 6a 45 77 41 6a   I3OQI4NAExAjEwAj
1db0  45 78 41 6a 45 79 41 6a 67 77 41 6a 45 30 41 6a   ExAjEyAjgwAjE0Aj
1dc0  45 31 41 6a 67 78 41 6a 45 33 41 6a 45 34 41 6a   E1AjgxAjE3AjE4Aj
1dd0  45 35 41 6a 49 77 41 6a 67 79 41 6a 6b 35 41 7a   E5AjIwAjgyAjk5Az
1de0  45 77 4d 51 49 79 4e 41 49 79 4e 67 49 79 4e 51   EwMQIyNAIyNgIyNQ
1df0  49 34 4d 77 49 79 4e 77 49 34 4e 51 49 79 4f 51   I4MwIyNwI4NQIyOQ
1e00  49 7a 4d 41 49 35 4d 51 49 34 4e 67 49 7a 4d 67   IzMAI5MQI4NgIzMg
1e10  49 7a 4d 77 49 34 4e 77 49 7a 4e 41 45 7a 41 54   IzMwI4NwIzNAEzAT
1e20  51 44 4d 6a 41 79 41 6a 4d 33 41 6a 4d 34 41 6a   QDMjAyAjM3AjM4Aj
1e30  51 78 41 6a 51 79 41 6a 51 30 41 6a 67 34 41 6a   QxAjQyAjQ0Ajg4Aj
1e40  67 35 41 6a 51 31 41 6a 51 32 41 6a 51 33 41 7a   g5AjQ1AjQ2AjQ3Az
1e50  49 77 4d 41 49 79 4d 67 49 30 4f 51 49 31 4d 41   IwMAIyMgI0OQI1MA
1e60  49 31 4d 67 49 31 4d 77 49 31 4e 41 49 31 4e 67   I1MgI1MwI1NAI1Ng
1e70  49 31 4e 77 45 31 41 6a 55 34 41 7a 45 77 4d 67   I1NwE1AjU4AzEwMg
1e80  49 32 4d 41 49 32 4d 51 49 7a 4e 67 49 30 4d 41   I2MAI2MQIzNgI0MA
1e90  49 32 4d 77 49 32 4e 41 49 32 4e 51 4d 79 4d 44   I2MwI2NAI2NQMyMD
1ea0  45 43 4e 6a 59 42 4e 77 49 32 4f 41 49 35 4d 67   ECNjYBNwI2OAI5Mg
1eb0  49 79 4f 41 49 32 4f 51 49 35 4d 77 49 33 4d 41   IyOAI2OQI5MwI3MA
1ec0  49 33 4d 51 49 35 4e 41 49 33 4d 77 45 34 41 6a   I3MQI5NAI3MwE4Aj
1ed0  6b 31 41 7a 45 77 4d 77 49 33 4e 51 49 35 4e 67   k1AzEwMwI3NQI5Ng
1ee0  49 33 4e 67 49 35 4e 77 49 33 4e 77 49 35 4f 41   I3NgI5NwI3NwI5OA
1ef0  4d 78 4d 44 51 43 4e 7a 67 55 4b 77 4e 58 5a 32   MxMDQCNzgUKwNXZ2
1f00  64 6e 5a 32 64 6e 5a 32 64 6e 5a 32 64 6e 5a 32   dnZ2dnZ2dnZ2dnZ2
1f10  64 6e 5a 32 64 6e 5a 32 64 6e 5a 32 64 6e 5a 32   dnZ2dnZ2dnZ2dnZ2
1f20  64 6e 5a 32 64 6e 5a 32 64 6e 5a 32 64 6e 5a 32   dnZ2dnZ2dnZ2dnZ2
1f30  64 6e 5a 32 64 6e 5a 32 64 6e 5a 32 64 6e 5a 32   dnZ2dnZ2dnZ2dnZ2
1f40  64 6e 5a 32 64 6e 5a 32 64 6e 5a 32 64 6e 5a 32   dnZ2dnZ2dnZ2dnZ2
1f50  64 6e 5a 32 64 6e 5a 32 64 6e 5a 32 64 6e 5a 32   dnZ2dnZ2dnZ2dnZ2
1f60  64 6e 5a 32 64 6e 5a 32 64 6e 5a 32 64 6e 5a 32   dnZ2dnZ2dnZ2dnZ2
1f70  64 6e 5a 47 51 43 41 77 39 6b 46 67 5a 6d 44 77   dnZGQCAw9kFgZmDw
1f80  39 6b 46 67 49 65 42 32 39 75 59 32 78 70 59 32   9kFgIeB29uY2xpY2
1f90  73 46 4c 55 39 77 5a 57 35 4e 62 32 52 68 62 46   sFLU9wZW5Nb2RhbF
1fa0  64 70 62 6d 52 76 64 31 39 6a 64 47 77 77 4d 46   dpbmRvd19jdGwwMF
1fb0  39 6a 63 47 68 43 62 32 52 35 58 32 31 6b 63 31   9jcGhCb2R5X21kc1
1fc0  52 79 59 57 52 6c 55 47 78 68 59 32 55 6f 4b 57   RyYWRlUGxhY2UoKW
1fd0  51 43 41 51 38 50 5a 42 59 43 48 77 55 46 4c 55   QCAQ8PZBYCHwUFLU
1fe0  39 77 5a 57 35 4e 62 32 52 68 62 46 64 70 62 6d   9wZW5Nb2RhbFdpbm
1ff0  52 76 64 31 39 6a 64 47 77 77 4d 46 39 6a 63 47   Rvd19jdGwwMF9jcG
2000  68 43 62 32 52 35 58 32 31 6b 63 31 52 79 59 57   hCb2R5X21kc1RyYW
2010  52 6c 55 47 78 68 59 32 55 6f 4b 57 51 43 41 67   RlUGxhY2UoKWQCAg
2020  38 50 5a 42 59 43 48 77 55 46 49 30 4e 73 5a 57   8PZBYCHwUFI0NsZW
2030  46 79 58 32 4e 30 62 44 41 77 58 32 4e 77 61 45   FyX2N0bDAwX2NwaE
2040  4a 76 5a 48 6c 66 62 57 52 7a 56 48 4a 68 5a 47   JvZHlfbWRzVHJhZG
2050  56 51 62 47 46 6a 5a 53 67 70 5a 41 49 46 44 32   VQbGFjZSgpZAIFD2
2060  51 57 41 6d 59 50 45 41 38 57 41 68 38 45 5a 32   QWAmYPEA8WAh8EZ2
2070  51 51 46 51 59 47 30 4a 4c 52 67 64 43 31 48 39   QQFQYG0JLRgdC1H9
2080  43 65 30 59 4c 51 75 74 47 41 30 59 76 52 67 74   Ce0YLQutGA0YvRgt
2090  47 4c 30 4c 6b 67 30 4c 44 52 67 39 43 36 30 59   GL0Lkg0LDRg9C60Y
20a0  62 51 75 4e 43 25 32 42 30 4c 30 66 30 4a 37 52   bQuNC%2B0L0f0J7R
20b0  67 74 43 36 30 59 44 52 69 39 47 43 30 59 76 51   gtC60YDRi9GC0YvQ
20c0  75 53 44 51 75 74 43 25 32 42 30 4c 33 51 75 74   uSDQutC%2B0L3Qut
20d0  47 44 30 59 44 52 67 53 6e 51 6e 39 47 44 30 4c   GD0YDRgSnQn9GD0L
20e0  48 51 75 39 43 34 30 59 66 51 76 64 43 25 32 42   HQu9C40YfQvdC%2B
20f0  30 4c 55 67 30 4c 25 32 46 52 67 4e 43 31 30 4c   0LUg0L%2FRgNC10L
2100  54 51 75 39 43 25 32 42 30 4c 62 51 74 64 43 39   TQu9C%2B0LbQtdC9
2110  30 4c 6a 51 74 52 25 32 46 51 6c 39 43 77 30 4c   0LjQtR%2FQl9Cw0L
2120  72 52 67 4e 47 4c 30 59 4c 52 69 39 43 35 49 4e   rRgNGL0YLRi9C5IN
2130  43 77 30 59 50 51 75 74 47 47 30 4c 6a 51 76 74   Cw0YPQutGG0LjQvt
2140  43 39 48 39 43 58 30 4c 44 51 75 74 47 41 30 59   C9H9CX0LDQutGA0Y
2150  76 52 67 74 47 4c 30 4c 6b 67 30 4c 72 51 76 74   vRgtGL0Lkg0LrQvt
2160  43 39 30 4c 72 52 67 39 47 41 30 59 45 56 42 67   C90LrRg9GA0YEVBg
2170  41 42 4d 51 45 79 41 54 4d 42 4e 51 45 32 46 43   ABMQEyATMBNQE2FC
2180  73 44 42 6d 64 6e 5a 32 64 6e 5a 32 52 6b 41 67   sDBmdnZ2dnZ2RkAg
2190  63 50 5a 42 59 47 5a 67 38 50 5a 42 59 43 48 77   cPZBYGZg8PZBYCHw
21a0  55 46 4b 55 39 77 5a 57 35 4e 62 32 52 68 62 46   UFKU9wZW5Nb2RhbF
21b0  64 70 62 6d 52 76 64 31 39 6a 64 47 77 77 4d 46   dpbmRvd19jdGwwMF
21c0  39 6a 63 47 68 43 62 32 52 35 58 32 31 6b 63 30   9jcGhCb2R5X21kc0
21d0  52 6c 59 6e 52 76 63 69 67 70 5a 41 49 42 44 77   RlYnRvcigpZAIBDw
21e0  39 6b 46 67 49 66 42 51 55 70 54 33 42 6c 62 6b   9kFgIfBQUpT3Blbk
21f0  31 76 5a 47 46 73 56 32 6c 75 5a 47 39 33 58 32   1vZGFsV2luZG93X2
2200  4e 30 62 44 41 77 58 32 4e 77 61 45 4a 76 5a 48   N0bDAwX2NwaEJvZH
2210  6c 66 62 57 52 7a 52 47 56 69 64 47 39 79 4b 43   lfbWRzRGVidG9yKC
2220  6c 6b 41 67 49 50 44 32 51 57 41 68 38 46 42 52   lkAgIPD2QWAh8FBR
2230  39 44 62 47 56 68 63 6c 39 6a 64 47 77 77 4d 46   9DbGVhcl9jdGwwMF
2240  39 6a 63 47 68 43 62 32 52 35 58 32 31 6b 63 30   9jcGhCb2R5X21kc0
2250  52 6c 59 6e 52 76 63 69 67 70 5a 41 49 4a 44 32   RlYnRvcigpZAIJD2
2260  51 57 41 6d 59 50 45 41 38 57 41 68 38 45 5a 32   QWAmYPEA8WAh8EZ2
2270  51 51 46 51 67 47 30 4a 4c 52 67 64 43 31 48 64   QQFQgG0JLRgdC1Hd
2280  43 64 30 4c 41 67 30 59 44 51 73 4e 47 42 30 59   Cd0LAg0YDQsNGB0Y
2290  48 51 76 4e 43 25 32 42 30 59 4c 52 67 4e 43 31   HQvNC%2B0YLRgNC1
22a0  30 4c 33 51 75 4e 43 34 48 64 43 65 30 4c 48 52   0L3QuNC4HdCe0LHR
22b0  69 74 47 50 30 4c 4c 51 75 39 43 31 30 4c 33 52   itGP0LLQu9C10L3R
22c0  69 79 44 52 67 74 43 25 32 42 30 59 44 51 73 39   iyDRgtC%2B0YDQs9
22d0  43 34 4a 4e 43 65 30 59 4c 51 75 74 47 41 30 59   C4JNCe0YLQutGA0Y
22e0  76 52 67 69 44 51 76 39 47 41 30 4c 6a 51 74 64   vRgiDQv9GA0LjQtd
22f0  43 38 49 4e 43 33 30 4c 44 52 6a 39 43 79 30 4c   C8INC30LDRj9Cy0L
2300  37 51 75 69 6a 51 6e 39 47 41 30 4c 6a 51 74 64   7QuijQn9GA0LjQtd
2310  43 38 49 4e 43 33 30 4c 44 52 6a 39 43 79 30 4c   C8INC30LDRj9Cy0L
2320  37 51 75 69 44 51 74 39 43 77 30 4c 4c 51 74 64   7QuiDQt9Cw0LLQtd
2330  47 41 30 59 6a 51 74 64 43 39 45 39 43 59 30 4c   GA0YjQtdC9E9CY0L
2340  54 52 67 39 47 43 49 4e 47 43 30 4c 37 52 67 4e   TRg9GCINGC0L7RgN
2350  43 7a 30 4c 67 57 30 4a 66 51 73 4e 43 79 30 4c   Cz0LgW0JfQsNCy0L
2360  58 52 67 4e 47 49 30 4c 58 51 76 64 43 39 30 59   XRgNGI0LXQvdC90Y
2370  76 51 74 52 7a 51 6b 4e 43 39 30 4c 33 52 67 39   vQtRzQkNC90L3Rg9
2380  43 37 30 4c 6a 52 67 4e 43 25 32 42 30 4c 4c 51   C70LjRgNC%2B0LLQ
2390  73 4e 43 39 30 4c 33 52 69 39 43 31 46 51 67 41   sNC90L3Ri9C1FQgA
23a0  41 54 45 42 4d 67 45 7a 41 54 51 42 4e 51 45 32   ATEBMgEzATQBNQE2
23b0  41 54 6b 55 4b 77 4d 49 5a 32 64 6e 5a 32 64 6e   ATkUKwMIZ2dnZ2dn
23c0  5a 32 64 6b 5a 41 49 4c 44 32 51 57 42 6d 59 50   Z2dkZAILD2QWBmYP
23d0  44 32 51 57 41 68 38 46 42 53 68 50 63 47 56 75   D2QWAh8FBShPcGVu
23e0  54 57 39 6b 59 57 78 58 61 57 35 6b 62 33 64 66   TW9kYWxXaW5kb3df
23f0  59 33 52 73 4d 44 42 66 59 33 42 6f 51 6d 39 6b   Y3RsMDBfY3BoQm9k
2400  65 56 39 74 5a 48 4e 42 63 6d 31 55 54 79 67 70   eV9tZHNBcm1UTygp
2410  5a 41 49 42 44 77 39 6b 46 67 49 66 42 51 55 6f   ZAIBDw9kFgIfBQUo
2420  54 33 42 6c 62 6b 31 76 5a 47 46 73 56 32 6c 75   T3Blbk1vZGFsV2lu
2430  5a 47 39 33 58 32 4e 30 62 44 41 77 58 32 4e 77   ZG93X2N0bDAwX2Nw
2440  61 45 4a 76 5a 48 6c 66 62 57 52 7a 51 58 4a 74   aEJvZHlfbWRzQXJt
2450  56 45 38 6f 4b 57 51 43 41 67 38 50 5a 42 59 43   VE8oKWQCAg8PZBYC
2460  48 77 55 46 48 6b 4e 73 5a 57 46 79 58 32 4e 30   HwUFHkNsZWFyX2N0
2470  62 44 41 77 58 32 4e 77 61 45 4a 76 5a 48 6c 66   bDAwX2NwaEJvZHlf
2480  62 57 52 7a 51 58 4a 74 56 45 38 6f 4b 57 51 43   bWRzQXJtVE8oKWQC
2490  44 51 39 6b 46 67 5a 6d 44 77 39 6b 46 67 49 66   DQ9kFgZmDw9kFgIf
24a0  42 51 55 36 54 33 42 6c 62 6b 31 76 5a 47 46 73   BQU6T3Blbk1vZGFs
24b0  56 32 6c 75 5a 47 39 33 58 32 4e 30 62 44 41 77   V2luZG93X2N0bDAw
24c0  58 32 4e 77 61 45 4a 76 5a 48 6c 66 64 57 4e 51   X2NwaEJvZHlfdWNQ
24d0  63 6d 39 77 5a 58 4a 30 65 55 4e 68 64 47 56 6e   cm9wZXJ0eUNhdGVn
24e0  62 33 4a 70 5a 58 4e 54 5a 57 78 6c 59 33 51 6f   b3JpZXNTZWxlY3Qo
24f0  4b 57 51 43 41 51 38 50 5a 42 59 43 48 77 55 46   KWQCAQ8PZBYCHwUF
2500  4f 6b 39 77 5a 57 35 4e 62 32 52 68 62 46 64 70   Ok9wZW5Nb2RhbFdp
2510  62 6d 52 76 64 31 39 6a 64 47 77 77 4d 46 39 6a   bmRvd19jdGwwMF9j
2520  63 47 68 43 62 32 52 35 58 33 56 6a 55 48 4a 76   cGhCb2R5X3VjUHJv
2530  63 47 56 79 64 48 6c 44 59 58 52 6c 5a 32 39 79   cGVydHlDYXRlZ29y
2540  61 57 56 7a 55 32 56 73 5a 57 4e 30 4b 43 6c 6b   aWVzU2VsZWN0KClk
2550  41 67 49 50 44 32 51 57 41 68 38 46 42 54 42 44   AgIPD2QWAh8FBTBD
2560  62 47 56 68 63 6c 39 6a 64 47 77 77 4d 46 39 6a   bGVhcl9jdGwwMF9j
2570  63 47 68 43 62 32 52 35 58 33 56 6a 55 48 4a 76   cGhCb2R5X3VjUHJv
2580  63 47 56 79 64 48 6c 44 59 58 52 6c 5a 32 39 79   cGVydHlDYXRlZ29y
2590  61 57 56 7a 55 32 56 73 5a 57 4e 30 4b 43 6c 6b   aWVzU2VsZWN0KClk
25a0  41 68 55 50 5a 42 59 49 41 67 4d 50 44 32 51 57   AhUPZBYIAgMPD2QW
25b0  42 42 34 49 62 32 35 6a 61 47 46 75 5a 32 55 46   BB4Ib25jaGFuZ2UF
25c0  4e 6c 4e 6c 64 45 68 70 5a 47 52 6c 62 6b 5a 70   NlNldEhpZGRlbkZp
25d0  5a 57 78 6b 58 32 4e 30 62 44 41 77 58 32 4e 77   ZWxkX2N0bDAwX2Nw
25e0  61 45 4a 76 5a 48 6c 66 59 32 78 6b 63 6b 4a 6c   aEJvZHlfY2xkckJl
25f0  5a 32 6c 75 52 47 46 30 5a 53 68 30 61 47 6c 7a   Z2luRGF0ZSh0aGlz
2600  4c 6e 5a 68 62 48 56 6c 4b 52 34 4b 62 32 35 72   LnZhbHVlKR4Kb25r
2610  5a 58 6c 77 63 6d 56 7a 63 77 55 32 55 32 56 30   ZXlwcmVzcwU2U2V0
2620  53 47 6c 6b 5a 47 56 75 52 6d 6c 6c 62 47 52 66   SGlkZGVuRmllbGRf
2630  59 33 52 73 4d 44 42 66 59 33 42 6f 51 6d 39 6b   Y3RsMDBfY3BoQm9k
2640  65 56 39 6a 62 47 52 79 51 6d 56 6e 61 57 35 45   eV9jbGRyQmVnaW5E
2650  59 58 52 6c 4b 48 52 6f 61 58 4d 75 64 6d 46 73   YXRlKHRoaXMudmFs
2660  64 57 55 70 5a 41 49 46 44 77 39 6b 46 67 49 66   dWUpZAIFDw9kFgIf
2670  42 51 55 71 55 32 68 76 64 30 4e 68 62 47 56 75   BQUqU2hvd0NhbGVu
2680  5a 47 46 79 58 32 4e 30 62 44 41 77 58 32 4e 77   ZGFyX2N0bDAwX2Nw
2690  61 45 4a 76 5a 48 6c 66 59 32 78 6b 63 6b 4a 6c   aEJvZHlfY2xkckJl
26a0  5a 32 6c 75 52 47 46 30 5a 53 67 70 5a 41 49 47   Z2luRGF0ZSgpZAIG
26b0  44 77 39 6b 46 67 51 65 42 56 4e 30 65 57 78 6c   Dw9kFgQeBVN0eWxl
26c0  42 54 42 6a 64 58 4a 7a 62 33 49 36 49 48 42 76   BTBjdXJzb3I6IHBv
26d0  61 57 35 30 5a 58 49 37 49 48 5a 70 63 32 6c 69   aW50ZXI7IHZpc2li
26e0  61 57 78 70 64 48 6b 36 61 47 6c 6b 5a 47 56 75   aWxpdHk6aGlkZGVu
26f0  4f 79 42 6b 61 58 4e 77 62 47 46 35 4f 6d 35 76   OyBkaXNwbGF5Om5v
2700  62 6d 55 66 42 51 55 6f 51 32 78 6c 59 58 4a 4a   bmUfBQUoQ2xlYXJJ
2710  62 6e 42 31 64 46 39 6a 64 47 77 77 4d 46 39 6a   bnB1dF9jdGwwMF9j
2720  63 47 68 43 62 32 52 35 58 32 4e 73 5a 48 4a 43   cGhCb2R5X2NsZHJC
2730  5a 57 64 70 62 6b 52 68 64 47 55 6f 4b 57 51 43   ZWdpbkRhdGUoKWQC
2740  42 77 38 50 46 67 49 65 47 45 4e 73 61 57 56 75   Bw8PFgIeGENsaWVu
2750  64 46 5a 68 62 47 6c 6b 59 58 52 70 62 32 35 47   dFZhbGlkYXRpb25G
2760  64 57 35 6a 64 47 6c 76 62 67 55 70 56 6d 46 73   dW5jdGlvbgUpVmFs
2770  61 57 52 68 64 47 56 4a 62 6e 42 31 64 46 39 6a   aWRhdGVJbnB1dF9j
2780  64 47 77 77 4d 46 39 6a 63 47 68 43 62 32 52 35   dGwwMF9jcGhCb2R5
2790  58 32 4e 73 5a 48 4a 43 5a 57 64 70 62 6b 52 68   X2NsZHJCZWdpbkRh
27a0  64 47 56 6b 5a 41 49 58 44 32 51 57 43 41 49 44   dGVkZAIXD2QWCAID
27b0  44 77 39 6b 46 67 51 66 42 67 55 30 55 32 56 30   Dw9kFgQfBgU0U2V0
27c0  53 47 6c 6b 5a 47 56 75 52 6d 6c 6c 62 47 52 66   SGlkZGVuRmllbGRf
27d0  59 33 52 73 4d 44 42 66 59 33 42 6f 51 6d 39 6b   Y3RsMDBfY3BoQm9k
27e0  65 56 39 6a 62 47 52 79 52 57 35 6b 52 47 46 30   eV9jbGRyRW5kRGF0
27f0  5a 53 68 30 61 47 6c 7a 4c 6e 5a 68 62 48 56 6c   ZSh0aGlzLnZhbHVl
2800  4b 52 38 48 42 54 52 54 5a 58 52 49 61 57 52 6b   KR8HBTRTZXRIaWRk
2810  5a 57 35 47 61 57 56 73 5a 46 39 6a 64 47 77 77   ZW5GaWVsZF9jdGww
2820  4d 46 39 6a 63 47 68 43 62 32 52 35 58 32 4e 73   MF9jcGhCb2R5X2Ns
2830  5a 48 4a 46 62 6d 52 45 59 58 52 6c 4b 48 52 6f   ZHJFbmREYXRlKHRo
2840  61 58 4d 75 64 6d 46 73 64 57 55 70 5a 41 49 46   aXMudmFsdWUpZAIF
2850  44 77 39 6b 46 67 49 66 42 51 55 6f 55 32 68 76   Dw9kFgIfBQUoU2hv
2860  64 30 4e 68 62 47 56 75 5a 47 46 79 58 32 4e 30   d0NhbGVuZGFyX2N0
2870  62 44 41 77 58 32 4e 77 61 45 4a 76 5a 48 6c 66   bDAwX2NwaEJvZHlf
2880  59 32 78 6b 63 6b 56 75 5a 45 52 68 64 47 55 6f   Y2xkckVuZERhdGUo
2890  4b 57 51 43 42 67 38 50 5a 42 59 45 48 77 67 46   KWQCBg8PZBYEHwgF
28a0  4d 47 4e 31 63 6e 4e 76 63 6a 6f 67 63 47 39 70   MGN1cnNvcjogcG9p
28b0  62 6e 52 6c 63 6a 73 67 64 6d 6c 7a 61 57 4a 70   bnRlcjsgdmlzaWJp
28c0  62 47 6c 30 65 54 70 6f 61 57 52 6b 5a 57 34 37   bGl0eTpoaWRkZW47
28d0  49 47 52 70 63 33 42 73 59 58 6b 36 62 6d 39 75   IGRpc3BsYXk6bm9u
28e0  5a 52 38 46 42 53 5a 44 62 47 56 68 63 6b 6c 75   ZR8FBSZDbGVhcklu
28f0  63 48 56 30 58 32 4e 30 62 44 41 77 58 32 4e 77   cHV0X2N0bDAwX2Nw
2900  61 45 4a 76 5a 48 6c 66 59 32 78 6b 63 6b 56 75   aEJvZHlfY2xkckVu
2910  5a 45 52 68 64 47 55 6f 4b 57 51 43 42 77 38 50   ZERhdGUoKWQCBw8P
2920  46 67 49 66 43 51 55 6e 56 6d 46 73 61 57 52 68   FgIfCQUnVmFsaWRh
2930  64 47 56 4a 62 6e 42 31 64 46 39 6a 64 47 77 77   dGVJbnB1dF9jdGww
2940  4d 46 39 6a 63 47 68 43 62 32 52 35 58 32 4e 73   MF9jcGhCb2R5X2Ns
2950  5a 48 4a 46 62 6d 52 45 59 58 52 6c 5a 47 51 43   ZHJFbmREYXRlZGQC
2960  41 51 39 6b 46 67 4a 6d 44 32 51 57 41 67 49 42   AQ9kFgJmD2QWAgIB
2970  44 77 38 57 41 68 34 48 56 6d 6c 7a 61 57 4a 73   Dw8WAh4HVmlzaWJs
2980  5a 57 68 6b 46 67 4a 6d 44 77 38 57 42 42 34 45   ZWhkFgJmDw8WBB4E
2990  56 47 56 34 64 41 56 42 30 4b 33 52 67 74 43 25   VGV4dAVB0K3RgtC%
29a0  32 42 30 4c 50 51 76 69 44 51 76 64 43 31 49 4e   2B0LPQviDQvdC1IN
29b0  43 30 30 4c 37 51 75 39 43 32 30 4c 33 51 76 69   C00L7Qu9C20L3Qvi
29c0  44 51 73 64 47 4c 30 59 4c 52 6a 43 44 51 74 39   DQsdGL0YLRjCDQt9
29d0  43 30 30 4c 58 52 67 64 47 4d 49 4e 43 39 30 4c   C00LXRgdGMINC90L
29e0  44 51 76 39 43 34 30 59 48 51 73 4e 43 39 30 4c   DQv9C40YHQsNC90L
29f0  34 66 43 6d 68 6b 5a 42 67 43 42 52 35 66 58 30   4fCmhkZBgCBR5fX0
2a00  4e 76 62 6e 52 79 62 32 78 7a 55 6d 56 78 64 57   NvbnRyb2xzUmVxdW
2a10  6c 79 5a 56 42 76 63 33 52 43 59 57 4e 72 53 32   lyZVBvc3RCYWNrS2
2a20  56 35 58 31 38 57 43 41 55 70 59 33 52 73 4d 44   V5X18WCAUpY3RsMD
2a30  41 6b 55 48 4a 70 64 6d 46 30 5a 55 39 6d 5a 6d   AkUHJpdmF0ZU9mZm
2a40  6c 6a 5a 54 45 6b 61 57 4a 51 63 6d 6c 32 59 58   ljZTEkaWJQcml2YX
2a50  52 6c 54 32 5a 6d 61 57 4e 6c 52 57 35 30 5a 58   RlT2ZmaWNlRW50ZX
2a60  49 46 49 57 4e 30 62 44 41 77 4a 46 42 79 61 58   IFIWN0bDAwJFByaX
2a70  5a 68 64 47 56 50 5a 6d 5a 70 59 32 55 78 4a 47   ZhdGVPZmZpY2UxJG
2a80  4e 69 55 6d 56 74 5a 57 31 69 5a 58 4a 4e 5a 51   NiUmVtZW1iZXJNZQ
2a90  55 67 59 33 52 73 4d 44 41 6b 55 48 4a 70 64 6d   UgY3RsMDAkUHJpdm
2aa0  46 30 5a 55 39 6d 5a 6d 6c 6a 5a 54 45 6b 55 6d   F0ZU9mZmljZTEkUm
2ab0  46 6b 56 47 39 76 62 46 52 70 63 44 45 46 48 32   FkVG9vbFRpcDEFH2
2ac0  4e 30 62 44 41 77 4a 46 42 79 61 58 5a 68 64 47   N0bDAwJFByaXZhdG
2ad0  56 50 5a 6d 5a 70 59 32 55 78 4a 47 6c 69 64 46   VPZmZpY2UxJGlidF
2ae0  4a 6c 63 33 52 76 63 6d 55 46 49 6d 4e 30 62 44   Jlc3RvcmUFImN0bD
2af0  41 77 4a 45 52 6c 59 6e 52 76 63 6c 4e 6c 59 58   AwJERlYnRvclNlYX
2b00  4a 6a 61 44 45 6b 61 57 4a 45 5a 57 4a 30 62 33   JjaDEkaWJEZWJ0b3
2b10  4a 54 5a 57 46 79 59 32 67 46 49 32 4e 30 62 44   JTZWFyY2gFI2N0bD
2b20  41 77 4a 47 4e 77 61 45 4a 76 5a 48 6b 6b 59 32   AwJGNwaEJvZHkkY2
2b30  68 72 55 32 56 68 63 6d 4e 6f 52 6d 39 79 52 47   hrU2VhcmNoRm9yRG
2b40  39 6a 64 57 31 6c 62 6e 52 7a 42 52 78 6a 64 47   9jdW1lbnRzBRxjdG
2b50  77 77 4d 43 52 6a 63 47 68 43 62 32 52 35 4a 47   wwMCRjcGhCb2R5JG
2b60  4a 30 62 6c 52 79 59 57 52 6c 55 32 56 68 63 6d   J0blRyYWRlU2Vhcm
2b70  4e 6f 42 52 68 6a 64 47 77 77 4d 43 52 6a 63 47   NoBRhjdGwwMCRjcG
2b80  68 43 62 32 52 35 4a 47 6c 69 55 33 4a 76 51 32   hCb2R5JGliU3JvQ2
2b90  78 6c 59 58 49 46 47 57 4e 30 62 44 41 77 4a 47   xlYXIFGWN0bDAwJG
2ba0  4e 77 61 45 4a 76 5a 48 6b 6b 5a 33 5a 55 63 6d   NwaEJvZHkkZ3ZUcm
2bb0  46 6b 5a 55 78 70 63 33 51 50 50 43 73 41 44 41   FkZUxpc3QPPCsADA
2bc0  45 49 41 6a 4a 6b 71 78 39 5a 43 33 6d 59 71 66   EIAjJkqx9ZC3mYqf
2bd0  58 30 75 44 58 36 31 51 59 4d 39 45 25 32 42 36   X0uDX61QYM9E%2B6
2be0  75 43 56 34 42 33 37 45 32 74 76 36 4d 44 57 4b   uCV4B37E2tv6MDWK
2bf0  38 58 38 25 33 44 26 5f 5f 50 52 45 56 49 4f 55   8X8%3D&__PREVIOU
2c00  53 50 41 47 45 3d 70 42 67 62 77 4e 51 38 4a 33   SPAGE=pBgbwNQ8J3
2c10  39 50 72 57 35 48 32 7a 57 46 7a 72 49 78 4b 77   9PrW5H2zWFzrIxKw
2c20  34 66 71 4c 69 6f 6d 32 72 38 50 53 4d 63 61 6f   4fqLiom2r8PSMcao
2c30  41 41 74 47 45 30 33 53 55 49 76 4f 43 6c 4e 6b   AAtGE03SUIvOClNk
2c40  44 5a 33 77 47 4a 58 4b 64 61 49 59 55 5f 70 4a   DZ3wGJXKdaIYU_pJ
2c50  5f 5f 43 50 63 50 4f 58 77 6d 67 41 35 6c 70 6a   __CPcPOXwmgA5lpj
2c60  79 70 4f 41 2d 43 6b 6f 62 69 42 4c 76 4e 6b 59   ypOA-CkobiBLvNkY
2c70  30 31 26 5f 5f 45 56 45 4e 54 56 41 4c 49 44 41   01&__EVENTVALIDA
2c80  54 49 4f 4e 3d 25 32 46 77 45 57 6a 67 45 43 38   TION=%2FwEWjgEC8
2c90  70 48 45 38 51 59 43 68 34 62 53 74 51 51 43 30   pHE8QYCh4bStQQC0
2ca0  64 62 30 25 32 42 77 55 43 6c 4d 37 7a 74 67 4d   db0%2BwUClM7ztgM
2cb0  43 74 71 53 53 73 51 51 43 6c 64 71 42 6b 41 55   CtqSSsQQCldqBkAU
2cc0  43 71 65 44 57 31 77 63 43 72 74 4b 52 6c 51 30   CqeDW1wcCrtKRlQ0
2cd0  43 25 32 46 63 50 6b 7a 67 45 43 6b 36 50 38 6f   C%2FcPkzgECk6P8o
2ce0  41 30 43 39 61 48 56 38 51 67 43 25 32 46 4d 37   A0C9aHV8QgC%2FM7
2cf0  54 6e 77 51 43 37 63 36 50 6e 41 51 43 25 32 42   TnwQC7c6PnAQC%2B
2d00  73 37 25 32 46 6e 77 51 43 25 32 42 73 36 25 32   s7%2FnwQC%2Bs6%2
2d10  46 6e 41 51 43 25 32 42 73 36 7a 6e 41 51 43 25   FnAQC%2Bs6znAQC%
2d20  32 42 73 36 33 6e 41 51 43 37 63 36 25 32 46 6e   2Bs63nAQC7c6%2Fn
2d30  41 51 43 25 32 42 73 36 50 6e 41 51 43 25 32 42   AQC%2Bs6PnAQC%2B
2d40  73 36 44 6e 41 51 43 37 63 36 7a 6e 41 51 43 25   s6DnAQC7c6znAQC%
2d50  32 42 73 36 62 6e 41 51 43 25 32 42 73 37 66 6e   2Bs6bnAQC%2Bs7fn
2d60  77 51 43 25 32 42 73 37 54 6e 77 51 43 25 32 42   wQC%2Bs7TnwQC%2B
2d70  38 36 25 32 46 6e 41 51 43 37 63 36 33 6e 41 51   86%2FnAQC7c63nAQ
2d80  43 34 73 37 54 6e 77 51 43 73 62 62 25 32 42 76   C4s7TnwQCsbb%2Bv
2d90  67 30 43 25 32 42 38 36 50 6e 41 51 43 25 32 42   g0C%2B86PnAQC%2B
2da0  38 36 48 6e 41 51 43 25 32 42 38 36 44 6e 41 51   86HnAQC%2B86DnAQ
2db0  43 37 63 36 4c 6e 41 51 43 25 32 42 38 36 62 6e   C7c6LnAQC%2B86bn
2dc0  41 51 43 37 63 36 44 6e 41 51 43 25 32 42 38 37   AQC7c6DnAQC%2B87
2dd0  54 6e 77 51 43 25 32 42 4d 36 25 32 46 6e 41 51   TnwQC%2BM6%2FnAQ
2de0  43 34 73 36 7a 6e 41 51 43 37 63 36 48 6e 41 51   C4s6znAQC7c6HnAQ
2df0  43 25 32 42 4d 36 33 6e 41 51 43 25 32 42 4d 36   C%2BM63nAQC%2BM6
2e00  4c 6e 41 51 43 37 63 36 62 6e 41 51 43 25 32 42   LnAQC7c6bnAQC%2B
2e10  4d 36 50 6e 41 51 43 25 32 42 4d 37 25 32 46 6e   M6PnAQC%2BM7%2Fn
2e20  77 51 43 25 32 42 63 37 25 32 46 6e 77 51 43 71   wQC%2Bc7%2FnwQCq
2e30  36 47 63 6c 51 63 43 25 32 42 4d 36 62 6e 41 51   6GclQcC%2BM6bnAQ
2e40  43 25 32 42 4d 37 66 6e 77 51 43 25 32 42 63 36   C%2BM7fnwQC%2Bc6
2e50  7a 6e 41 51 43 25 32 42 63 36 33 6e 41 51 43 25   znAQC%2Bc63nAQC%
2e60  32 42 63 36 50 6e 41 51 43 37 63 37 66 6e 77 51   2Bc6PnAQC7c7fnwQ
2e70  43 37 63 37 54 6e 77 51 43 25 32 42 63 36 44 6e   C7c7TnwQC%2Bc6Dn
2e80  41 51 43 25 32 42 63 36 48 6e 41 51 43 25 32 42   AQC%2Bc6HnAQC%2B
2e90  63 36 62 6e 41 51 43 33 59 25 32 46 59 79 77 4d   c6bnAQC3Y%2FYywM
2ea0  43 25 32 42 38 36 33 6e 41 51 43 25 32 42 63 37   C%2B863nAQC%2Bc7
2eb0  54 6e 77 51 43 25 32 46 73 36 25 32 46 6e 41 51   TnwQC%2Fs6%2FnAQ
2ec0  43 25 32 46 73 36 33 6e 41 51 43 25 32 46 73 36   C%2Fs63nAQC%2Fs6
2ed0  4c 6e 41 51 43 25 32 46 73 36 50 6e 41 51 43 25   LnAQC%2Fs6PnAQC%
2ee0  32 46 73 36 48 6e 41 51 43 25 32 46 73 36 62 6e   2Fs6HnAQC%2Fs6bn
2ef0  41 51 43 25 32 46 73 37 25 32 46 6e 77 51 43 25   AQC%2Fs7%2FnwQC%
2f00  32 46 73 37 66 6e 77 51 43 71 71 47 63 6c 51 63   2Fs7fnwQCqqGclQc
2f10  43 25 32 46 38 36 25 32 46 6e 41 51 43 25 32 46   C%2F86%2FnAQC%2F
2f20  38 36 7a 6e 41 51 43 25 32 42 4d 36 48 6e 41 51   86znAQC%2BM6HnAQ
2f30  43 25 32 42 63 36 25 32 46 6e 41 51 43 25 32 46   C%2Bc6%2FnAQC%2F
2f40  38 36 4c 6e 41 51 43 25 32 46 38 36 50 6e 41 51   86LnAQC%2F86PnAQ
2f50  43 25 32 46 38 36 44 6e 41 51 43 74 72 62 25 32   C%2F86DnAQCtrb%2
2f60  42 76 67 30 43 25 32 46 38 36 48 6e 41 51 43 25   Bvg0C%2F86HnAQC%
2f70  32 46 4d 37 25 32 46 6e 77 51 43 25 32 46 38 37   2FM7%2FnwQC%2F87
2f80  66 6e 77 51 43 34 73 36 33 6e 41 51 43 25 32 42   fnwQC4s63nAQC%2B
2f90  38 37 66 6e 77 51 43 25 32 46 38 37 54 6e 77 51   87fnwQC%2F87TnwQ
2fa0  43 34 73 36 4c 6e 41 51 43 25 32 46 4d 36 25 32   C4s6LnAQC%2FM6%2
2fb0  46 6e 41 51 43 25 32 46 4d 36 7a 6e 41 51 43 34   FnAQC%2FM6znAQC4
2fc0  73 36 50 6e 41 51 43 25 32 46 4d 36 4c 6e 41 51   s6PnAQC%2FM6LnAQ
2fd0  43 37 63 37 25 32 46 6e 77 51 43 34 73 36 44 6e   C7c7%2FnwQC4s6Dn
2fe0  41 51 43 6a 38 69 7a 69 41 45 43 25 32 46 4d 36   AQCj8iziAEC%2FM6
2ff0  44 6e 41 51 43 34 73 36 48 6e 41 51 43 25 32 46   DnAQC4s6HnAQC%2F
3000  4d 36 48 6e 41 51 43 34 73 36 62 6e 41 51 43 25   M6HnAQC4s6bnAQC%
3010  32 46 4d 36 62 6e 41 51 43 34 73 37 66 6e 77 51   2FM6bnAQC4s7fnwQ
3020  43 34 50 4c 52 25 32 46 67 77 43 25 32 46 4d 37   C4PLR%2FgwC%2FM7
3030  66 6e 77 51 43 74 62 66 55 34 41 77 43 78 35 25   fnwQCtbfU4AwCx5%
3040  32 42 6b 36 41 63 43 70 39 7a 78 78 41 73 43 79   2Bk6AcCp9zxxAsCy
3050  4f 75 66 66 41 4c 48 68 4c 57 53 44 41 4c 47 68   OuffALHhLWSDALGh
3060  4c 57 53 44 41 4c 46 68 4c 57 53 44 41 4c 44 68   LWSDALFhLWSDALDh
3070  4c 57 53 44 41 4c 43 68 4c 57 53 44 41 4b 4a 7a   LWSDALChLWSDAKJz
3080  38 75 70 43 41 4c 31 6e 63 47 62 42 41 4c 50 75   8upCAL1ncGbBALPu
3090  34 6e 4e 42 77 4b 4c 38 4f 54 63 43 51 4b 45 6e   4nNBwKL8OTcCQKEn
30a0  38 36 79 42 51 4b 46 6e 38 36 79 42 51 4b 47 6e   86yBQKFn86yBQKGn
30b0  38 36 79 42 51 4b 48 6e 38 36 79 42 51 4b 41 6e   86yBQKHn86yBQKAn
30c0  38 36 79 42 51 4b 42 6e 38 36 79 42 51 4b 63 6e   86yBQKBn86yBQKcn
30d0  38 36 79 42 51 4c 77 33 4e 50 39 42 51 4b 4e 38   86yBQLw3NP9BQKN8
30e0  63 4c 32 44 41 4b 6c 70 37 44 50 42 77 4b 35 73   cL2DAKlp7DPBwK5s
30f0  4f 4b 72 43 67 4b 55 37 72 79 70 42 41 4b 38 67   OKrCgKU7rypBAK8g
3100  62 37 7a 43 41 4c 5a 34 59 4f 75 41 67 4c 25 32   b7zCALZ4YOuAgL%2
3110  46 38 5a 4f 36 43 77 4b 31 6d 4c 50 68 43 67 4c   F8ZO6CwK1mLPhCgL
3120  58 35 65 6d 75 44 41 4b 74 38 59 6d 58 44 67 4b   X5emuDAKt8YmXDgK
3130  79 32 75 65 44 43 67 4b 4c 7a 35 57 67 43 51 4c   y2ueDCgKLz5WgCQL
3140  39 33 74 7a 55 41 67 4b 25 32 42 34 50 66 39 42   93tzUAgK%2B4Pf9B
3150  77 4b 51 25 32 42 50 47 4e 43 41 4b 51 25 32 42   wKQ%2BPGNCAKQ%2B
3160  49 32 4e 43 41 4b 51 25 32 42 4a 6d 4e 43 41 4b   I2NCAKQ%2BJmNCAK
3170  51 25 32 42 4a 57 4e 43 41 4b 51 25 32 42 49 47   Q%2BJWNCAKQ%2BIG
3180  4e 43 41 4b 51 25 32 42 4a 32 4e 43 41 4b 51 25   NCAKQ%2BJ2NCAKQ%
3190  32 42 4b 6d 4e 43 41 4b 51 25 32 42 4b 57 4e 43   2BKmNCAKQ%2BKWNC
31a0  41 4c 25 32 42 38 73 47 39 43 51 4b 56 32 25 32   AL%2B8sG9CQKV2%2
31b0  42 50 41 44 43 6c 69 39 37 54 36 68 42 51 57 70   BPADCli97T6hBQWp
31c0  4b 63 70 53 6a 79 56 76 4a 43 54 66 5a 30 44 39   KcpSjyVvJCTfZ0D9
31d0  7a 42 6e 63 66 75 6f 4c 5a 4a 6f 44 6a 74 25 32   zBncfuoLZJoDjt%2
31e0  42 26 63 74 6c 30 30 25 32 34 50 72 69 76 61 74   B&ctl00%24Privat
31f0  65 4f 66 66 69 63 65 31 25 32 34 74 62 4c 6f 67   eOffice1%24tbLog
3200  69 6e 3d 26 63 74 6c 30 30 25 32 34 50 72 69 76   in=&ctl00%24Priv
3210  61 74 65 4f 66 66 69 63 65 31 25 32 34 74 62 50   ateOffice1%24tbP
3220  61 73 73 77 6f 72 64 3d 26 63 74 6c 30 30 25 32   assword=&ctl00%2
3230  34 50 72 69 76 61 74 65 4f 66 66 69 63 65 31 25   4PrivateOffice1%
3240  32 34 74 62 45 6d 61 69 6c 46 6f 72 50 61 73 73   24tbEmailForPass
3250  77 6f 72 64 3d 26 63 74 6c 30 30 5f 50 72 69 76   word=&ctl00_Priv
3260  61 74 65 4f 66 66 69 63 65 31 5f 52 61 64 54 6f   ateOffice1_RadTo
3270  6f 6c 54 69 70 31 5f 43 6c 69 65 6e 74 53 74 61   olTip1_ClientSta
3280  74 65 3d 26 63 74 6c 30 30 25 32 34 44 65 62 74   te=&ctl00%24Debt
3290  6f 72 53 65 61 72 63 68 31 25 32 34 69 6e 70 75   orSearch1%24inpu
32a0  74 44 65 62 74 6f 72 3d 25 44 30 25 42 46 25 44   tDebtor=%D0%BF%D
32b0  30 25 42 45 25 44 30 25 42 38 25 44 31 25 38 31   0%BE%D0%B8%D1%81
32c0  25 44 30 25 42 41 26 63 74 6c 30 30 25 32 34 4e   %D0%BA&ctl00%24N
32d0  65 77 73 31 25 32 34 68 66 4d 61 78 53 69 7a 65   ews1%24hfMaxSize
32e0  3d 33 26 63 74 6c 30 30 25 32 34 63 70 68 42 6f   =3&ctl00%24cphBo
32f0  64 79 25 32 34 75 63 52 65 67 69 6f 6e 25 32 34   dy%24ucRegion%24
3300  64 64 6c 42 6f 75 6e 64 4c 69 73 74 3d 34 35 26   ddlBoundList=45&
3310  63 74 6c 30 30 25 32 34 63 70 68 42 6f 64 79 25   ctl00%24cphBody%
3320  32 34 6d 64 73 54 72 61 64 65 50 6c 61 63 65 25   24mdsTradePlace%
3330  32 34 74 62 53 65 6c 65 63 74 65 64 54 65 78 74   24tbSelectedText
3340  3d 26 63 74 6c 30 30 25 32 34 63 70 68 42 6f 64   =&ctl00%24cphBod
3350  79 25 32 34 6d 64 73 54 72 61 64 65 50 6c 61 63   y%24mdsTradePlac
3360  65 25 32 34 68 66 53 65 6c 65 63 74 65 64 56 61   e%24hfSelectedVa
3370  6c 75 65 3d 26 63 74 6c 30 30 25 32 34 63 70 68   lue=&ctl00%24cph
3380  42 6f 64 79 25 32 34 6d 64 73 54 72 61 64 65 50   Body%24mdsTradeP
3390  6c 61 63 65 25 32 34 68 66 53 65 6c 65 63 74 65   lace%24hfSelecte
33a0  64 54 79 70 65 3d 26 63 74 6c 30 30 25 32 34 63   dType=&ctl00%24c
33b0  70 68 42 6f 64 79 25 32 34 75 63 54 72 61 64 65   phBody%24ucTrade
33c0  54 79 70 65 25 32 34 64 64 6c 42 6f 75 6e 64 4c   Type%24ddlBoundL
33d0  69 73 74 3d 33 26 63 74 6c 30 30 25 32 34 63 70   ist=3&ctl00%24cp
33e0  68 42 6f 64 79 25 32 34 6d 64 73 44 65 62 74 6f   hBody%24mdsDebto
33f0  72 25 32 34 74 62 53 65 6c 65 63 74 65 64 54 65   r%24tbSelectedTe
3400  78 74 3d 26 63 74 6c 30 30 25 32 34 63 70 68 42   xt=&ctl00%24cphB
3410  6f 64 79 25 32 34 6d 64 73 44 65 62 74 6f 72 25   ody%24mdsDebtor%
3420  32 34 68 66 53 65 6c 65 63 74 65 64 56 61 6c 75   24hfSelectedValu
3430  65 3d 26 63 74 6c 30 30 25 32 34 63 70 68 42 6f   e=&ctl00%24cphBo
3440  64 79 25 32 34 6d 64 73 44 65 62 74 6f 72 25 32   dy%24mdsDebtor%2
3450  34 68 66 53 65 6c 65 63 74 65 64 54 79 70 65 3d   4hfSelectedType=
3460  26 63 74 6c 30 30 25 32 34 63 70 68 42 6f 64 79   &ctl00%24cphBody
3470  25 32 34 75 63 54 72 61 64 65 53 74 61 74 75 73   %24ucTradeStatus
3480  25 32 34 64 64 6c 42 6f 75 6e 64 4c 69 73 74 3d   %24ddlBoundList=
3490  26 63 74 6c 30 30 25 32 34 63 70 68 42 6f 64 79   &ctl00%24cphBody
34a0  25 32 34 6d 64 73 41 72 6d 54 4f 25 32 34 74 62   %24mdsArmTO%24tb
34b0  53 65 6c 65 63 74 65 64 54 65 78 74 3d 26 63 74   SelectedText=&ct
34c0  6c 30 30 25 32 34 63 70 68 42 6f 64 79 25 32 34   l00%24cphBody%24
34d0  6d 64 73 41 72 6d 54 4f 25 32 34 68 66 53 65 6c   mdsArmTO%24hfSel
34e0  65 63 74 65 64 56 61 6c 75 65 3d 26 63 74 6c 30   ectedValue=&ctl0
34f0  30 25 32 34 63 70 68 42 6f 64 79 25 32 34 6d 64   0%24cphBody%24md
3500  73 41 72 6d 54 4f 25 32 34 68 66 53 65 6c 65 63   sArmTO%24hfSelec
3510  74 65 64 54 79 70 65 3d 26 63 74 6c 30 30 25 32   tedType=&ctl00%2
3520  34 63 70 68 42 6f 64 79 25 32 34 75 63 50 72 6f   4cphBody%24ucPro
3530  70 65 72 74 79 43 61 74 65 67 6f 72 69 65 73 53   pertyCategoriesS
3540  65 6c 65 63 74 25 32 34 74 62 53 65 6c 65 63 74   elect%24tbSelect
3550  65 64 54 65 78 74 3d 26 63 74 6c 30 30 25 32 34   edText=&ctl00%24
3560  63 70 68 42 6f 64 79 25 32 34 75 63 50 72 6f 70   cphBody%24ucProp
3570  65 72 74 79 43 61 74 65 67 6f 72 69 65 73 53 65   ertyCategoriesSe
3580  6c 65 63 74 25 32 34 68 66 53 65 6c 65 63 74 65   lect%24hfSelecte
3590  64 56 61 6c 75 65 3d 26 63 74 6c 30 30 25 32 34   dValue=&ctl00%24
35a0  63 70 68 42 6f 64 79 25 32 34 75 63 50 72 6f 70   cphBody%24ucProp
35b0  65 72 74 79 43 61 74 65 67 6f 72 69 65 73 53 65   ertyCategoriesSe
35c0  6c 65 63 74 25 32 34 68 66 53 65 6c 65 63 74 65   lect%24hfSelecte
35d0  64 54 79 70 65 3d 26 63 74 6c 30 30 25 32 34 63   dType=&ctl00%24c
35e0  70 68 42 6f 64 79 25 32 34 74 62 54 72 61 64 65   phBody%24tbTrade
35f0  4f 62 6a 65 63 74 3d 26 63 74 6c 30 30 25 32 34   Object=&ctl00%24
3600  63 70 68 42 6f 64 79 25 32 34 74 78 74 54 72 61   cphBody%24txtTra
3610  64 65 43 6f 64 65 3d 26 63 74 6c 30 30 25 32 34   deCode=&ctl00%24
3620  63 70 68 42 6f 64 79 25 32 34 63 6c 64 72 42 65   cphBody%24cldrBe
3630  67 69 6e 44 61 74 65 25 32 34 74 62 53 65 6c 65   ginDate%24tbSele
3640  63 74 65 64 44 61 74 65 3d 32 32 2e 30 35 2e 32   ctedDate=22.05.2
3650  30 31 34 26 63 74 6c 30 30 25 32 34 63 70 68 42   014&ctl00%24cphB
3660  6f 64 79 25 32 34 63 6c 64 72 42 65 67 69 6e 44   ody%24cldrBeginD
3670  61 74 65 25 32 34 74 62 53 65 6c 65 63 74 65 64   ate%24tbSelected
3680  44 61 74 65 56 61 6c 75 65 3d 26 63 74 6c 30 30   DateValue=&ctl00
3690  25 32 34 63 70 68 42 6f 64 79 25 32 34 63 6c 64   %24cphBody%24cld
36a0  72 45 6e 64 44 61 74 65 25 32 34 74 62 53 65 6c   rEndDate%24tbSel
36b0  65 63 74 65 64 44 61 74 65 3d 32 32 2e 30 35 2e   ectedDate=22.05.
36c0  32 30 31 34 26 63 74 6c 30 30 25 32 34 63 70 68   2014&ctl00%24cph
36d0  42 6f 64 79 25 32 34 63 6c 64 72 45 6e 64 44 61   Body%24cldrEndDa
36e0  74 65 25 32 34 74 62 53 65 6c 65 63 74 65 64 44   te%24tbSelectedD
36f0  61 74 65 56 61 6c 75 65 3d 26 63 74 6c 30 30 25   ateValue=&ctl00%
3700  32 34 63 70 68 42 6f 64 79 25 32 34 62 74 6e 54   24cphBody%24btnT
3710  72 61 64 65 53 65 61 72 63 68 2e 78 3d 34 34 26   radeSearch.x=44&
3720  63 74 6c 30 30 25 32 34 63 70 68 42 6f 64 79 25   ctl00%24cphBody%
3730  32 34 62 74 6e 54 72 61 64 65 53 65 61 72 63 68   24btnTradeSearch
3740  2e 79 3d 37                                       .y=7
